BioNavigator Version	6.3.67.0	PamGrid Version	QuantitationType	Median_SigmBg	Protocol file name	preprocessing_ProtocolDate	Wed, 24 May 2023 15:18:19 GMT
	Barcode	641039219	641039219	641039219	641039219	641039219	641039219	641039219	641039219	641039219	641039219	641039219	641039219	641039219	641039219	641039219	641039219	641039219	641039219	641039219	641039219	641039221	641039221	641039221	641039221	641039221	641039221	641039221	641039221	641039221	641039221	641039221	641039221	641039221	641039221	641039221	641039221	641039221	641039221	641039221	641039221	641039222	641039222	641039222	641039222	641039222	641039222	641039222	641039222	641039222	641039222	641039222	641039222	641039222	641039222	641039222	641039222	641039222	641039222	641039222	641039222
	Exposure time	5.0	10.0	25.0	50.0	100.0	5.0	10.0	25.0	50.0	100.0	5.0	10.0	25.0	50.0	100.0	5.0	10.0	25.0	50.0	100.0	5.0	10.0	25.0	50.0	100.0	5.0	10.0	25.0	50.0	100.0	5.0	10.0	25.0	50.0	100.0	5.0	10.0	25.0	50.0	100.0	5.0	10.0	25.0	50.0	100.0	5.0	10.0	25.0	50.0	100.0	5.0	10.0	25.0	50.0	100.0	5.0	10.0	25.0	50.0	100.0
	Cycle	94	94	94	94	94	94	94	94	94	94	94	94	94	94	94	94	94	94	94	94	94	94	94	94	94	94	94	94	94	94	94	94	94	94	94	94	94	94	94	94	94	94	94	94	94	94	94	94	94	94	94	94	94	94	94	94	94	94	94	94
	Array	A1	A1	A1	A1	A1	A2	A2	A2	A2	A2	A3	A3	A3	A3	A3	A4	A4	A4	A4	A4	A1	A1	A1	A1	A1	A2	A2	A2	A2	A2	A3	A3	A3	A3	A3	A4	A4	A4	A4	A4	A1	A1	A1	A1	A1	A2	A2	A2	A2	A2	A3	A3	A3	A3	A3	A4	A4	A4	A4	A4
	Sample name	010N CTL	010N CTL	010N CTL	010N CTL	010N CTL	015N CTL	015N CTL	015N CTL	015N CTL	015N CTL	003N MDD	003N MDD	003N MDD	003N MDD	003N MDD	005N MDD	005N MDD	005N MDD	005N MDD	005N MDD	010N CTL	010N CTL	010N CTL	010N CTL	010N CTL	015N CTL	015N CTL	015N CTL	015N CTL	015N CTL	003N MDD	003N MDD	003N MDD	003N MDD	003N MDD	005N MDD	005N MDD	005N MDD	005N MDD	005N MDD	010N CTL	010N CTL	010N CTL	010N CTL	010N CTL	015N CTL	015N CTL	015N CTL	015N CTL	015N CTL	003N MDD	003N MDD	003N MDD	003N MDD	003N MDD	005N MDD	005N MDD	005N MDD	005N MDD	005N MDD
ID
#REF		64.0	133.0	336.0	685.0	1354.0	60.0	121.0	306.0	605.0	1211.0	57.0	110.0	293.0	576.0	1165.0	66.0	134.0	347.0	698.0	1398.0	65.0	132.0	336.0	669.0	1353.0	54.0	118.0	301.0	598.0	1200.0	54.0	115.0	299.0	596.0	1192.0	64.0	128.0	331.0	664.0	1306.0	67.0	136.0	344.0	690.0	1374.0	56.0	114.0	283.0	572.0	1160.0	54.0	113.0	273.0	559.0	1145.0	63.0	128.0	327.0	667.0	1338.0
#REF		69.0	145.0	355.0	719.0	1445.0	64.0	136.0	322.0	670.0	1322.0	60.0	123.0	318.0	651.0	1312.0	75.0	147.0	380.0	761.0	1521.0	74.0	150.0	381.0	761.0	1521.0	66.0	127.0	328.0	658.0	1326.0	61.0	124.0	321.0	629.0	1276.0	71.0	143.0	368.0	738.0	1499.0	72.0	145.0	360.0	724.0	1471.0	59.0	128.0	320.0	650.0	1313.0	60.0	122.0	296.0	599.0	1213.0	72.0	141.0	360.0	724.0	1460.0
#REF		77.0	157.0	383.0	777.0	1570.0	66.0	143.0	365.0	721.0	1472.0	69.0	139.0	360.0	719.0	1436.0	79.0	161.0	413.0	834.0	1685.0	78.0	155.0	397.0	797.0	1608.0	67.0	141.0	356.0	707.0	1445.0	66.0	140.0	359.0	709.0	1425.0	79.0	158.0	400.0	814.0	1603.0	76.0	151.0	388.0	779.0	1555.0	70.0	141.0	361.0	701.0	1430.0	66.0	126.0	329.0	681.0	1335.0	76.0	153.0	389.0	777.0	1574.0
#REF		67.0	142.0	354.0	709.0	1447.0	63.0	129.0	330.0	658.0	1346.0	63.0	127.0	320.0	637.0	1288.0	69.0	142.0	356.0	731.0	1466.0	74.0	147.0	374.0	767.0	1538.0	59.0	128.0	329.0	649.0	1317.0	63.0	129.0	337.0	688.0	1385.0	69.0	146.0	369.0	734.0	1487.0	69.0	145.0	369.0	747.0	1479.0	61.0	117.0	308.0	620.0	1246.0	59.0	121.0	315.0	652.0	1286.0	72.0	144.0	366.0	735.0	1484.0
#REF		70.0	143.0	367.0	747.0	1508.0	61.0	123.0	316.0	636.0	1262.0	65.0	127.0	322.0	658.0	1353.0	70.0	143.0	368.0	740.0	1500.0	79.0	163.0	409.0	815.0	1641.0	66.0	137.0	338.0	701.0	1403.0	64.0	131.0	338.0	678.0	1337.0	67.0	141.0	359.0	715.0	1466.0	74.0	149.0	384.0	763.0	1528.0	63.0	120.0	312.0	625.0	1257.0	61.0	130.0	318.0	651.0	1322.0	73.0	146.0	377.0	757.0	1508.0
#REF		68.0	136.0	345.0	702.0	1411.0	59.0	118.0	302.0	601.0	1227.0	58.0	122.0	308.0	617.0	1275.0	67.0	137.0	351.0	714.0	1434.0	74.0	148.0	377.0	767.0	1552.0	65.0	132.0	335.0	656.0	1366.0	65.0	131.0	338.0	670.0	1360.0	69.0	136.0	351.0	706.0	1411.0	66.0	141.0	353.0	727.0	1467.0	62.0	124.0	320.0	628.0	1254.0	61.0	119.0	300.0	600.0	1217.0	72.0	149.0	376.0	759.0	1514.0
#REF		64.0	128.0	328.0	667.0	1339.0	57.0	116.0	293.0	578.0	1184.0	54.0	114.0	305.0	602.0	1256.0	68.0	135.0	348.0	703.0	1379.0	71.0	138.0	362.0	713.0	1491.0	61.0	124.0	316.0	627.0	1272.0	60.0	123.0	310.0	623.0	1252.0	65.0	131.0	330.0	671.0	1347.0	68.0	141.0	349.0	694.0	1399.0	56.0	114.0	293.0	587.0	1167.0	59.0	114.0	301.0	610.0	1217.0	71.0	142.0	355.0	720.0	1447.0
#REF		73.0	150.0	378.0	768.0	1547.0	67.0	129.0	333.0	658.0	1337.0	66.0	141.0	348.0	700.0	1429.0	73.0	152.0	389.0	780.0	1552.0	77.0	156.0	405.0	809.0	1619.0	68.0	140.0	355.0	708.0	1436.0	66.0	135.0	345.0	685.0	1397.0	77.0	155.0	397.0	778.0	1570.0	73.0	152.0	388.0	767.0	1551.0	63.0	135.0	348.0	678.0	1360.0	65.0	140.0	342.0	696.0	1397.0	79.0	158.0	406.0	821.0	1642.0
EFS_246_258		366.0	741.0	1854.0	3533.0	2961.0	2380.0	3818.0	3394.0	2690.0	1236.0	2953.0	3706.0	3115.0	2091.0	73.0	327.0	661.0	1637.0	3326.0	3151.0	367.0	718.0	1799.0	3586.0	3075.0	2281.0	3810.0	3393.0	2652.0	1162.0	2634.0	3749.0	3224.0	2292.0	496.0	386.0	767.0	1964.0	3567.0	3031.0	312.0	628.0	1565.0	3110.0	3197.0	1897.0	3759.0	3470.0	2852.0	1586.0	2862.0	3694.0	3085.0	2027.0	0.0	349.0	711.0	1794.0	3560.0	3137.0
FRK_380_392		107.0	221.0	559.0	1106.0	2255.0	854.0	1709.0	3579.0	3056.0	2014.0	1354.0	2701.0	3334.0	2560.0	1028.0	88.0	179.0	465.0	949.0	1858.0	89.0	181.0	451.0	908.0	1849.0	728.0	1460.0	3599.0	3094.0	2105.0	1224.0	2444.0	3405.0	2700.0	1399.0	105.0	215.0	550.0	1099.0	2200.0	78.0	156.0	411.0	820.0	1661.0	579.0	1171.0	2940.0	3224.0	2329.0	1212.0	2408.0	3263.0	2477.0	884.0	96.0	191.0	495.0	992.0	1995.0
ART_004_EAIYAAPFAKKKXC		40.0	80.0	203.0	410.0	815.0	213.0	432.0	1085.0	2155.0	2557.0	428.0	866.0	2176.0	2953.0	1763.0	49.0	98.0	244.0	497.0	995.0	34.0	71.0	189.0	384.0	757.0	199.0	406.0	1009.0	2039.0	2618.0	381.0	779.0	1964.0	3074.0	2002.0	58.0	114.0	300.0	589.0	1204.0	30.0	62.0	161.0	320.0	629.0	165.0	330.0	830.0	1683.0	2814.0	416.0	866.0	2133.0	2864.0	1647.0	53.0	111.0	279.0	559.0	1120.0
PLCG1_764_776		94.0	198.0	496.0	967.0	1956.0	902.0	1819.0	3635.0	3162.0	2210.0	1888.0	3778.0	3346.0	2570.0	1035.0	97.0	188.0	481.0	965.0	1952.0	90.0	181.0	452.0	927.0	1838.0	795.0	1614.0	3676.0	3247.0	2390.0	1602.0	3159.0	3435.0	2739.0	1404.0	103.0	212.0	530.0	1060.0	2120.0	82.0	159.0	410.0	819.0	1664.0	616.0	1241.0	3097.0	3345.0	2600.0	1821.0	3643.0	3288.0	2451.0	800.0	98.0	201.0	506.0	1025.0	2039.0
PAXI_111_123		63.0	129.0	326.0	669.0	1319.0	606.0	1196.0	3029.0	3239.0	2363.0	1225.0	2463.0	3383.0	2656.0	1224.0	62.0	119.0	315.0	629.0	1260.0	56.0	117.0	287.0	587.0	1183.0	534.0	1087.0	2722.0	3288.0	2476.0	1018.0	2098.0	3510.0	2894.0	1725.0	68.0	131.0	339.0	676.0	1347.0	51.0	108.0	272.0	552.0	1090.0	421.0	841.0	2110.0	3415.0	2738.0	1211.0	2479.0	3398.0	2713.0	1301.0	66.0	140.0	348.0	696.0	1381.0
RET_1022_1034		42.0	81.0	202.0	421.0	831.0	330.0	654.0	1634.0	3312.0	2595.0	768.0	1530.0	3526.0	2957.0	1792.0	35.0	64.0	170.0	346.0	685.0	33.0	69.0	166.0	339.0	678.0	287.0	577.0	1470.0	2951.0	2752.0	584.0	1173.0	2985.0	3152.0	2228.0	39.0	77.0	195.0	400.0	811.0	33.0	61.0	151.0	297.0	618.0	219.0	428.0	1090.0	2167.0	2926.0	722.0	1465.0	3524.0	2944.0	1795.0	38.0	77.0	188.0	379.0	761.0
PECA1_706_718		37.0	82.0	195.0	392.0	790.0	348.0	673.0	1699.0	3363.0	2625.0	719.0	1446.0	3553.0	2975.0	1877.0	37.0	76.0	187.0	388.0	769.0	32.0	61.0	150.0	321.0	622.0	291.0	584.0	1485.0	2996.0	2734.0	598.0	1215.0	3057.0	3175.0	2222.0	41.0	79.0	204.0	411.0	840.0	26.0	48.0	132.0	267.0	532.0	227.0	454.0	1132.0	2286.0	2961.0	675.0	1379.0	3435.0	2975.0	1872.0	35.0	74.0	190.0	381.0	774.0
RASA1_453_465		17.0	31.0	82.0	167.0	332.0	128.0	260.0	660.0	1343.0	2665.0	300.0	605.0	1514.0	3067.0	2175.0	15.0	31.0	73.0	155.0	301.0	13.0	28.0	66.0	136.0	270.0	117.0	244.0	608.0	1223.0	2438.0	241.0	499.0	1258.0	2501.0	2446.0	18.0	35.0	92.0	194.0	371.0	10.0	21.0	58.0	118.0	244.0	86.0	173.0	440.0	897.0	1795.0	279.0	571.0	1414.0	2853.0	2194.0	14.0	27.0	69.0	147.0	299.0
CDK1_9_21		44.0	93.0	232.0	469.0	931.0	373.0	743.0	1844.0	3361.0	2621.0	694.0	1413.0	3520.0	3013.0	1915.0	42.0	82.0	214.0	422.0	869.0	39.0	73.0	194.0	387.0	789.0	301.0	630.0	1612.0	3183.0	2687.0	614.0	1240.0	3140.0	3144.0	2186.0	47.0	96.0	238.0	472.0	954.0	35.0	72.0	175.0	351.0	707.0	245.0	503.0	1229.0	2494.0	2907.0	697.0	1434.0	3538.0	2974.0	1845.0	42.0	84.0	208.0	420.0	848.0
PTN11_57_67		42.0	84.0	212.0	440.0	884.0	360.0	701.0	1809.0	3340.0	2570.0	785.0	1557.0	3548.0	2967.0	1854.0	37.0	78.0	194.0	397.0	775.0	41.0	84.0	211.0	424.0	881.0	337.0	682.0	1746.0	3394.0	2679.0	662.0	1370.0	3442.0	3121.0	2150.0	42.0	84.0	220.0	444.0	895.0	36.0	69.0	193.0	384.0	768.0	254.0	505.0	1261.0	2547.0	2921.0	772.0	1565.0	3532.0	2972.0	1832.0	36.0	77.0	189.0	395.0	769.0
PTN6_558_570		31.0	53.0	149.0	297.0	595.0	240.0	484.0	1220.0	2429.0	2592.0	519.0	1024.0	2579.0	3068.0	2028.0	24.0	51.0	126.0	256.0	507.0	21.0	46.0	113.0	239.0	484.0	210.0	425.0	1090.0	2179.0	2751.0	423.0	861.0	2187.0	3207.0	2316.0	28.0	56.0	141.0	287.0	569.0	22.0	43.0	106.0	217.0	427.0	160.0	307.0	798.0	1585.0	2953.0	477.0	952.0	2429.0	3048.0	1980.0	24.0	50.0	124.0	262.0	529.0
EPOR_361_373		14.0	31.0	79.0	161.0	332.0	188.0	382.0	957.0	1911.0	2737.0	449.0	921.0	2317.0	3120.0	2168.0	19.0	37.0	90.0	178.0	367.0	17.0	32.0	74.0	155.0	328.0	172.0	349.0	883.0	1762.0	2839.0	391.0	795.0	2021.0	3256.0	2401.0	21.0	37.0	98.0	199.0	405.0	15.0	28.0	71.0	145.0	296.0	129.0	259.0	655.0	1308.0	2629.0	433.0	871.0	2209.0	3116.0	2126.0	18.0	35.0	89.0	185.0	365.0
CD3E_182_194		13.0	29.0	73.0	146.0	308.0	133.0	270.0	687.0	1379.0	2774.0	317.0	646.0	1611.0	3188.0	2250.0	15.0	28.0	74.0	162.0	317.0	11.0	25.0	63.0	132.0	261.0	118.0	243.0	622.0	1231.0	2472.0	262.0	540.0	1340.0	2713.0	2518.0	15.0	34.0	83.0	175.0	341.0	12.0	22.0	52.0	119.0	233.0	88.0	178.0	460.0	912.0	1830.0	304.0	618.0	1547.0	3111.0	2206.0	15.0	31.0	77.0	158.0	320.0
EPHA7_607_619		18.0	39.0	99.0	213.0	400.0	195.0	395.0	973.0	1982.0	2777.0	511.0	1020.0	2555.0	3153.0	2221.0	20.0	38.0	96.0	196.0	390.0	16.0	33.0	82.0	153.0	322.0	172.0	357.0	902.0	1812.0	2848.0	401.0	807.0	2018.0	3340.0	2559.0	22.0	41.0	114.0	235.0	467.0	15.0	29.0	75.0	160.0	317.0	125.0	255.0	649.0	1289.0	2601.0	483.0	963.0	2402.0	3121.0	2135.0	19.0	42.0	107.0	208.0	416.0
PECA1_708_718		95.0	186.0	479.0	969.0	1945.0	864.0	1736.0	3558.0	3029.0	1915.0	1542.0	3066.0	3298.0	2476.0	903.0	90.0	182.0	466.0	923.0	1837.0	85.0	174.0	424.0	845.0	1735.0	753.0	1518.0	3596.0	3095.0	2105.0	1312.0	2647.0	3358.0	2619.0	1105.0	93.0	198.0	503.0	1027.0	2071.0	70.0	144.0	374.0	746.0	1522.0	594.0	1190.0	2927.0	3249.0	2382.0	1485.0	3023.0	3234.0	2351.0	458.0	92.0	193.0	492.0	991.0	1990.0
ZAP70_313_325		78.0	158.0	408.0	813.0	1636.0	723.0	1473.0	3585.0	3082.0	2095.0	1817.0	3638.0	3268.0	2447.0	792.0	78.0	161.0	408.0	826.0	1619.0	72.0	143.0	356.0	731.0	1479.0	655.0	1358.0	3357.0	3128.0	2149.0	1625.0	3361.0	3337.0	2561.0	1044.0	87.0	175.0	449.0	911.0	1784.0	65.0	126.0	328.0	661.0	1325.0	527.0	1033.0	2609.0	3299.0	2509.0	1772.0	3644.0	3222.0	2322.0	477.0	88.0	181.0	443.0	900.0	1791.0
PLCG2_1191_1203_C1200S		88.0	175.0	450.0	917.0	1847.0	718.0	1430.0	3526.0	3202.0	2283.0	1340.0	2652.0	3403.0	2697.0	1306.0	75.0	157.0	398.0	786.0	1580.0	75.0	155.0	400.0	799.0	1605.0	628.0	1274.0	3228.0	3237.0	2357.0	1126.0	2328.0	3484.0	2868.0	1663.0	87.0	183.0	462.0	935.0	1872.0	69.0	139.0	345.0	717.0	1440.0	501.0	983.0	2468.0	3388.0	2660.0	1299.0	2584.0	3371.0	2625.0	1211.0	83.0	174.0	440.0	878.0	1751.0
PGFRB_572_584		36.0	77.0	186.0	378.0	763.0	333.0	664.0	1659.0	3322.0	2529.0	930.0	1838.0	3485.0	2880.0	1642.0	33.0	65.0	164.0	328.0	661.0	30.0	61.0	162.0	334.0	656.0	322.0	651.0	1634.0	3281.0	2672.0	797.0	1609.0	3563.0	3002.0	1970.0	34.0	74.0	192.0	384.0	771.0	30.0	63.0	159.0	318.0	628.0	242.0	474.0	1193.0	2424.0	2813.0	924.0	1881.0	3436.0	2762.0	1452.0	39.0	72.0	193.0	383.0	787.0
CD3Z_105_117		17.0	34.0	79.0	173.0	336.0	154.0	318.0	789.0	1588.0	2773.0	413.0	828.0	2058.0	3057.0	2001.0	15.0	31.0	77.0	157.0	317.0	13.0	24.0	69.0	136.0	266.0	134.0	277.0	711.0	1417.0	2842.0	339.0	696.0	1755.0	3219.0	2429.0	15.0	27.0	77.0	167.0	325.0	13.0	27.0	61.0	131.0	266.0	99.0	200.0	510.0	1019.0	2055.0	380.0	782.0	1959.0	3083.0	2075.0	15.0	38.0	87.0	184.0	364.0
PGFRB_1014_1028		3.0	8.0	25.0	49.0	100.0	68.0	133.0	337.0	682.0	1357.0	213.0	420.0	1058.0	2140.0	2328.0	8.0	13.0	32.0	68.0	139.0	4.0	7.0	17.0	40.0	100.0	59.0	121.0	314.0	628.0	1252.0	169.0	348.0	854.0	1723.0	2599.0	5.0	14.0	39.0	74.0	147.0	3.0	6.0	13.0	37.0	77.0	45.0	87.0	223.0	443.0	892.0	189.0	394.0	963.0	1963.0	2265.0	6.0	16.0	37.0	70.0	155.0
CD3Z_77_89		2.0	2.0	8.0	36.0	59.0	15.0	32.0	88.0	193.0	343.0	44.0	88.0	237.0	448.0	909.0	3.0	4.0	13.0	27.0	49.0	1.0	2.0	9.0	12.0	25.0	14.0	29.0	91.0	173.0	344.0	35.0	70.0	184.0	359.0	737.0	5.0	5.0	13.0	23.0	63.0	1.0	2.0	8.0	21.0	30.0	11.0	24.0	59.0	117.0	251.0	40.0	86.0	229.0	465.0	945.0	0.0	5.0	10.0	19.0	64.0
ERBB2_1241_1253		6.0	10.0	23.0	53.0	114.0	39.0	73.0	181.0	370.0	756.0	93.0	177.0	464.0	942.0	1902.0	3.0	4.0	16.0	37.0	67.0	3.0	8.0	14.0	31.0	69.0	28.0	67.0	169.0	340.0	680.0	71.0	150.0	387.0	785.0	1554.0	7.0	10.0	20.0	61.0	119.0	3.0	7.0	14.0	41.0	86.0	17.0	49.0	122.0	239.0	474.0	83.0	173.0	445.0	886.0	1764.0	3.0	7.0	23.0	43.0	95.0
TEC_512_524		4.0	9.0	18.0	47.0	92.0	23.0	59.0	132.0	269.0	566.0	64.0	134.0	338.0	690.0	1393.0	2.0	6.0	15.0	29.0	74.0	5.0	5.0	11.0	36.0	63.0	21.0	50.0	127.0	256.0	513.0	53.0	105.0	278.0	538.0	1094.0	-3.0	8.0	17.0	36.0	75.0	3.0	5.0	10.0	31.0	62.0	16.0	32.0	84.0	184.0	357.0	63.0	133.0	327.0	684.0	1386.0	3.0	4.0	15.0	30.0	75.0
JAK2_563_577		2.0	13.0	22.0	51.0	110.0	50.0	111.0	269.0	548.0	1106.0	134.0	279.0	677.0	1388.0	2316.0	5.0	9.0	31.0	55.0	130.0	4.0	8.0	21.0	51.0	107.0	51.0	107.0	277.0	541.0	1094.0	109.0	229.0	563.0	1146.0	2269.0	4.0	15.0	35.0	83.0	138.0	5.0	6.0	19.0	48.0	95.0	38.0	75.0	196.0	376.0	773.0	132.0	269.0	674.0	1359.0	2377.0	5.0	13.0	28.0	62.0	118.0
RAF1_332_344		11.0	20.0	48.0	95.0	195.0	59.0	118.0	302.0	603.0	1226.0	139.0	276.0	694.0	1425.0	2371.0	9.0	16.0	43.0	90.0	175.0	7.0	13.0	35.0	78.0	165.0	55.0	110.0	284.0	558.0	1136.0	112.0	231.0	578.0	1173.0	2339.0	9.0	17.0	50.0	88.0	188.0	6.0	16.0	34.0	78.0	156.0	37.0	78.0	202.0	405.0	802.0	119.0	248.0	628.0	1266.0	2305.0	6.0	15.0	37.0	80.0	166.0
PGFRB_1002_1014		2.0	6.0	8.0	14.0	52.0	53.0	103.0	257.0	531.0	1035.0	150.0	312.0	773.0	1556.0	2382.0	6.0	8.0	28.0	47.0	93.0	3.0	3.0	11.0	24.0	52.0	52.0	102.0	262.0	526.0	1045.0	131.0	263.0	661.0	1333.0	2617.0	4.0	11.0	24.0	53.0	111.0	1.0	5.0	8.0	17.0	41.0	37.0	70.0	175.0	341.0	697.0	142.0	278.0	712.0	1439.0	2344.0	3.0	8.0	20.0	53.0	109.0
MET_1228_1240		3.0	10.0	25.0	58.0	100.0	55.0	116.0	298.0	606.0	1195.0	135.0	270.0	679.0	1374.0	2358.0	7.0	12.0	24.0	55.0	127.0	4.0	8.0	18.0	40.0	82.0	50.0	97.0	260.0	519.0	1061.0	112.0	234.0	569.0	1173.0	2350.0	9.0	14.0	33.0	67.0	140.0	4.0	7.0	17.0	43.0	79.0	42.0	78.0	209.0	409.0	836.0	124.0	262.0	675.0	1343.0	2376.0	5.0	11.0	28.0	55.0	121.0
FER_707_719		17.0	36.0	82.0	175.0	344.0	157.0	323.0	805.0	1642.0	2745.0	376.0	755.0	1907.0	3158.0	2203.0	17.0	36.0	92.0	177.0	343.0	16.0	30.0	73.0	158.0	301.0	135.0	278.0	708.0	1429.0	2813.0	289.0	616.0	1550.0	3150.0	2530.0	18.0	38.0	99.0	201.0	401.0	16.0	29.0	77.0	152.0	303.0	107.0	218.0	549.0	1091.0	2241.0	343.0	703.0	1720.0	3141.0	2189.0	18.0	33.0	84.0	179.0	350.0
PTN6_531_541		102.0	196.0	501.0	1032.0	2046.0	877.0	1730.0	3570.0	3053.0	1985.0	1519.0	3002.0	3292.0	2464.0	836.0	93.0	193.0	491.0	962.0	2010.0	90.0	179.0	439.0	896.0	1822.0	784.0	1591.0	3586.0	3075.0	1990.0	1334.0	2700.0	3357.0	2621.0	1065.0	108.0	216.0	566.0	1104.0	2229.0	79.0	169.0	410.0	855.0	1726.0	662.0	1286.0	3317.0	3219.0	2300.0	1520.0	3100.0	3218.0	2265.0	455.0	106.0	215.0	548.0	1098.0	2218.0
HAVR2_257_267_G257K		96.0	191.0	499.0	996.0	2014.0	669.0	1325.0	3215.0	3133.0	2152.0	1237.0	2505.0	3377.0	2643.0	1152.0	88.0	173.0	438.0	878.0	1787.0	81.0	166.0	424.0	854.0	1705.0	557.0	1132.0	2876.0	3188.0	2295.0	1048.0	2193.0	3430.0	2776.0	1516.0	89.0	181.0	470.0	928.0	1878.0	70.0	143.0	377.0	757.0	1511.0	470.0	913.0	2288.0	3325.0	2600.0	1185.0	2384.0	3325.0	2529.0	968.0	87.0	184.0	464.0	930.0	1895.0
CD3Z_117_129		4.0	0.0	10.0	26.0	49.0	40.0	85.0	216.0	445.0	900.0	114.0	238.0	623.0	1233.0	2295.0	1.0	3.0	9.0	24.0	48.0	1.0	0.0	7.0	15.0	26.0	35.0	79.0	181.0	383.0	777.0	86.0	181.0	454.0	911.0	1879.0	3.0	7.0	11.0	33.0	80.0	0.0	2.0	8.0	17.0	33.0	24.0	51.0	114.0	248.0	482.0	111.0	243.0	574.0	1153.0	2137.0	3.0	8.0	14.0	29.0	74.0
KSYK_518_530		2.0	-1.0	0.0	9.0	11.0	3.0	5.0	14.0	33.0	88.0	9.0	23.0	56.0	128.0	271.0	1.0	2.0	2.0	4.0	-3.0	1.0	-2.0	-2.0	2.0	4.0	6.0	8.0	27.0	57.0	106.0	9.0	19.0	51.0	98.0	196.0	-2.0	1.0	2.0	2.0	14.0	1.0	2.0	-1.0	10.0	11.0	3.0	6.0	17.0	31.0	71.0	6.0	20.0	49.0	110.0	212.0	1.0	2.0	8.0	9.0	24.0
MK12_178_190		0.0	2.0	7.0	9.0	37.0	6.0	8.0	33.0	63.0	123.0	12.0	29.0	77.0	162.0	308.0	0.0	3.0	2.0	10.0	29.0	1.0	1.0	-3.0	6.0	23.0	4.0	11.0	23.0	57.0	107.0	11.0	25.0	60.0	122.0	262.0	-1.0	2.0	3.0	9.0	17.0	-1.0	2.0	9.0	21.0	37.0	6.0	8.0	22.0	47.0	110.0	10.0	20.0	71.0	124.0	262.0	1.0	4.0	10.0	19.0	40.0
ODBA_340_352_D340K		-1.0	-2.0	-12.0	-18.0	-33.0	-3.0	-5.0	-8.0	-15.0	-45.0	-4.0	-5.0	-10.0	-15.0	-54.0	0.0	-3.0	-5.0	-11.0	-19.0	-3.0	-1.0	-7.0	-14.0	-33.0	1.0	-1.0	-3.0	-13.0	-13.0	-4.0	-2.0	-7.0	-17.0	-28.0	-2.0	-3.0	-7.0	-14.0	-36.0	0.0	-5.0	-6.0	-15.0	-27.0	-1.0	-3.0	0.0	-9.0	-20.0	-2.0	-2.0	-2.0	-8.0	-31.0	0.0	-1.0	-5.0	-12.0	-26.0
GAB1_622_632		-2.0	0.0	5.0	11.0	19.0	6.0	15.0	46.0	94.0	167.0	17.0	39.0	108.0	217.0	443.0	1.0	2.0	3.0	9.0	5.0	0.0	-2.0	-2.0	1.0	3.0	11.0	17.0	54.0	112.0	230.0	14.0	40.0	86.0	179.0	381.0	0.0	4.0	9.0	17.0	24.0	1.0	0.0	7.0	13.0	18.0	9.0	9.0	33.0	70.0	133.0	22.0	48.0	118.0	250.0	489.0	0.0	2.0	4.0	15.0	20.0
MUSK_548_560		1.0	1.0	3.0	4.0	20.0	3.0	5.0	23.0	38.0	82.0	12.0	27.0	71.0	147.0	280.0	2.0	2.0	4.0	16.0	37.0	1.0	2.0	6.0	26.0	43.0	5.0	7.0	25.0	37.0	72.0	7.0	17.0	43.0	81.0	169.0	1.0	3.0	6.0	15.0	24.0	0.0	0.0	5.0	12.0	28.0	4.0	4.0	13.0	26.0	61.0	9.0	23.0	63.0	121.0	254.0	-1.0	1.0	4.0	8.0	16.0
MK14_173_185		-2.0	-4.0	-6.0	-15.0	-21.0	3.0	2.0	10.0	13.0	46.0	7.0	14.0	37.0	63.0	143.0	-1.0	-1.0	-4.0	0.0	6.0	1.0	-3.0	-4.0	-10.0	-14.0	4.0	7.0	11.0	22.0	49.0	2.0	11.0	20.0	54.0	82.0	0.0	-1.0	0.0	-4.0	-8.0	-2.0	-2.0	-2.0	-7.0	-3.0	1.0	1.0	3.0	9.0	11.0	6.0	11.0	32.0	68.0	133.0	0.0	-1.0	-3.0	-5.0	-7.0
VGFR1_1235_1247		-3.0	-7.0	-7.0	-18.0	-36.0	3.0	0.0	-1.0	2.0	-3.0	0.0	0.0	5.0	26.0	30.0	1.0	0.0	-1.0	2.0	-12.0	1.0	1.0	2.0	3.0	-5.0	2.0	-1.0	1.0	12.0	15.0	-1.0	0.0	10.0	11.0	12.0	1.0	0.0	-2.0	-4.0	-10.0	0.0	-4.0	-3.0	-1.0	-13.0	1.0	0.0	2.0	-3.0	-4.0	0.0	-4.0	7.0	-1.0	10.0	1.0	-3.0	-3.0	-5.0	-3.0
MK10_216_228		7.0	7.0	30.0	59.0	113.0	25.0	43.0	122.0	234.0	510.0	71.0	148.0	362.0	741.0	1455.0	6.0	11.0	31.0	64.0	133.0	7.0	9.0	24.0	58.0	127.0	20.0	46.0	114.0	223.0	469.0	48.0	108.0	259.0	513.0	1068.0	4.0	10.0	25.0	58.0	121.0	4.0	9.0	25.0	54.0	117.0	13.0	29.0	81.0	169.0	341.0	63.0	130.0	336.0	651.0	1336.0	4.0	10.0	24.0	54.0	119.0
RB_804_816		1.0	-3.0	-4.0	-2.0	-6.0	7.0	11.0	40.0	67.0	165.0	27.0	60.0	145.0	277.0	554.0	1.0	0.0	4.0	12.0	24.0	1.0	1.0	5.0	14.0	39.0	9.0	14.0	46.0	86.0	185.0	20.0	47.0	121.0	244.0	505.0	1.0	4.0	11.0	19.0	31.0	0.0	0.0	3.0	10.0	15.0	7.0	11.0	29.0	66.0	129.0	30.0	62.0	158.0	306.0	632.0	6.0	8.0	15.0	30.0	64.0
ERBB2_870_882		5.0	14.0	28.0	52.0	103.0	59.0	110.0	289.0	592.0	1172.0	132.0	265.0	660.0	1370.0	2364.0	2.0	7.0	21.0	48.0	102.0	2.0	4.0	18.0	35.0	83.0	49.0	101.0	256.0	530.0	1039.0	98.0	211.0	529.0	1053.0	2134.0	4.0	11.0	31.0	61.0	128.0	-1.0	6.0	13.0	39.0	74.0	36.0	72.0	190.0	372.0	746.0	118.0	236.0	626.0	1231.0	2375.0	4.0	9.0	23.0	51.0	101.0
IRS2_626_638		29.0	58.0	145.0	289.0	578.0	283.0	557.0	1398.0	2803.0	2675.0	637.0	1252.0	3178.0	3038.0	1968.0	30.0	55.0	141.0	286.0	563.0	24.0	51.0	125.0	267.0	511.0	244.0	497.0	1260.0	2517.0	2716.0	504.0	1018.0	2577.0	3247.0	2386.0	35.0	72.0	178.0	355.0	702.0	22.0	52.0	123.0	261.0	521.0	187.0	369.0	942.0	1861.0	2935.0	572.0	1169.0	2888.0	3042.0	2007.0	29.0	60.0	150.0	308.0	623.0
ENOG_37_49		138.0	280.0	711.0	1440.0	2899.0	1304.0	2532.0	3482.0	2877.0	1610.0	2230.0	3729.0	3178.0	2264.0	346.0	131.0	267.0	680.0	1374.0	2783.0	132.0	278.0	695.0	1399.0	2762.0	1207.0	2449.0	3509.0	2914.0	1599.0	2038.0	3769.0	3240.0	2417.0	773.0	148.0	293.0	758.0	1527.0	3026.0	112.0	228.0	587.0	1163.0	2374.0	1038.0	2046.0	3582.0	3064.0	2071.0	2225.0	3675.0	3064.0	1998.0	0.0	148.0	312.0	783.0	1580.0	3207.0
PDPK1_369_381		15.0	29.0	69.0	137.0	295.0	100.0	196.0	502.0	1039.0	2066.0	183.0	360.0	914.0	1805.0	1959.0	10.0	17.0	44.0	90.0	195.0	10.0	19.0	53.0	100.0	206.0	76.0	156.0	403.0	812.0	1655.0	142.0	301.0	751.0	1483.0	2279.0	12.0	21.0	51.0	110.0	213.0	8.0	18.0	53.0	97.0	195.0	63.0	127.0	323.0	633.0	1253.0	177.0	376.0	929.0	1833.0	1704.0	11.0	21.0	49.0	95.0	206.0
FGFR2_762_774		1.0	7.0	16.0	39.0	78.0	20.0	41.0	110.0	218.0	453.0	41.0	91.0	219.0	452.0	918.0	1.0	5.0	13.0	32.0	63.0	1.0	3.0	8.0	22.0	51.0	18.0	39.0	103.0	212.0	409.0	37.0	77.0	192.0	386.0	774.0	3.0	5.0	17.0	43.0	79.0	3.0	3.0	9.0	17.0	43.0	13.0	25.0	66.0	132.0	252.0	47.0	100.0	248.0	516.0	1014.0	2.0	9.0	22.0	45.0	87.0
ACHD_383_395		-4.0	-8.0	-12.0	-30.0	-70.0	0.0	2.0	3.0	15.0	36.0	8.0	21.0	50.0	109.0	234.0	-2.0	-2.0	-7.0	-17.0	-38.0	-1.0	-4.0	-12.0	-22.0	-49.0	2.0	4.0	12.0	29.0	54.0	9.0	17.0	52.0	95.0	191.0	-2.0	-5.0	-9.0	-17.0	-31.0	-2.0	-3.0	-10.0	-19.0	-44.0	2.0	4.0	6.0	12.0	21.0	12.0	25.0	62.0	123.0	258.0	3.0	-4.0	-1.0	-5.0	-5.0
AMPE_5_17		2.0	0.0	-1.0	3.0	9.0	-2.0	-3.0	-4.0	-17.0	-16.0	3.0	1.0	6.0	17.0	21.0	0.0	3.0	2.0	-4.0	3.0	-1.0	1.0	5.0	3.0	11.0	0.0	1.0	-6.0	0.0	5.0	-1.0	5.0	3.0	-1.0	-1.0	-1.0	-1.0	0.0	0.0	-1.0	0.0	2.0	4.0	9.0	20.0	1.0	1.0	-4.0	0.0	-3.0	1.0	3.0	4.0	19.0	32.0	2.0	3.0	6.0	10.0	18.0
B3AT_39_51		-1.0	0.0	-4.0	-15.0	-19.0	2.0	8.0	19.0	42.0	70.0	13.0	27.0	65.0	151.0	288.0	0.0	1.0	2.0	-4.0	-2.0	1.0	-5.0	-7.0	-15.0	-26.0	3.0	6.0	20.0	40.0	92.0	9.0	20.0	45.0	104.0	193.0	0.0	-5.0	-4.0	-8.0	-26.0	-1.0	-2.0	-4.0	-9.0	-14.0	2.0	4.0	9.0	35.0	53.0	7.0	25.0	59.0	112.0	240.0	-1.0	-1.0	-3.0	-2.0	-6.0
C1R_199_211		-2.0	0.0	1.0	1.0	3.0	-1.0	4.0	1.0	2.0	5.0	1.0	1.0	4.0	8.0	14.0	-2.0	-3.0	-3.0	-3.0	-9.0	0.0	-1.0	-4.0	-8.0	-1.0	-1.0	1.0	-2.0	-2.0	0.0	2.0	5.0	6.0	11.0	31.0	-1.0	-4.0	-5.0	-6.0	-9.0	-1.0	1.0	5.0	2.0	2.0	2.0	3.0	0.0	3.0	-1.0	1.0	5.0	4.0	6.0	30.0	-1.0	1.0	-4.0	-13.0	-13.0
CALM_93_105		0.0	0.0	-9.0	-7.0	-11.0	-3.0	-4.0	-6.0	-17.0	-33.0	-1.0	-4.0	-15.0	-7.0	-41.0	-3.0	-3.0	-4.0	-10.0	-25.0	-2.0	-4.0	-6.0	-16.0	-36.0	-1.0	-5.0	-13.0	-22.0	-42.0	-3.0	-5.0	-15.0	-37.0	-54.0	-1.0	-2.0	-4.0	-4.0	-16.0	-3.0	1.0	-3.0	-13.0	-22.0	-2.0	-1.0	-9.0	-13.0	-41.0	-4.0	-4.0	-7.0	-28.0	-52.0	0.0	-2.0	-3.0	-6.0	-23.0
CALM_95_107		1.0	2.0	3.0	2.0	14.0	8.0	20.0	58.0	104.0	209.0	16.0	41.0	113.0	229.0	468.0	1.0	1.0	5.0	11.0	18.0	-1.0	2.0	2.0	-4.0	-21.0	10.0	16.0	48.0	91.0	197.0	18.0	36.0	90.0	180.0	385.0	3.0	1.0	0.0	4.0	9.0	-2.0	0.0	-3.0	7.0	9.0	5.0	10.0	22.0	48.0	82.0	21.0	43.0	112.0	224.0	439.0	0.0	-1.0	5.0	7.0	14.0
CDK7_157_169		0.0	2.0	1.0	5.0	28.0	8.0	18.0	38.0	90.0	178.0	27.0	57.0	142.0	288.0	587.0	2.0	5.0	14.0	25.0	64.0	2.0	7.0	20.0	35.0	74.0	6.0	14.0	36.0	77.0	150.0	16.0	35.0	94.0	188.0	389.0	3.0	3.0	4.0	14.0	44.0	2.0	6.0	13.0	27.0	46.0	5.0	11.0	29.0	57.0	106.0	26.0	51.0	128.0	265.0	537.0	3.0	7.0	10.0	20.0	51.0
CRK_214_226		0.0	-2.0	-6.0	-10.0	-10.0	6.0	12.0	34.0	68.0	151.0	20.0	45.0	111.0	237.0	474.0	1.0	3.0	4.0	6.0	18.0	-2.0	-2.0	-6.0	-17.0	-26.0	8.0	15.0	48.0	88.0	188.0	16.0	37.0	87.0	174.0	361.0	2.0	0.0	-2.0	5.0	3.0	-4.0	-3.0	-6.0	-2.0	-14.0	6.0	8.0	23.0	54.0	112.0	14.0	33.0	84.0	172.0	349.0	-2.0	1.0	2.0	3.0	6.0
DDR1_506_518		-4.0	-8.0	-19.0	-47.0	-102.0	-5.0	-8.0	-18.0	-40.0	-84.0	3.0	10.0	17.0	58.0	115.0	-4.0	-6.0	-14.0	-28.0	-63.0	-1.0	-5.0	-14.0	-25.0	-54.0	-4.0	-4.0	-19.0	-29.0	-61.0	1.0	8.0	17.0	28.0	68.0	-2.0	-4.0	-14.0	-26.0	-53.0	-5.0	-7.0	-14.0	-28.0	-81.0	-3.0	-4.0	-7.0	-31.0	-53.0	6.0	13.0	35.0	67.0	139.0	1.0	-1.0	0.0	3.0	3.0
PRGR_786_798		1.0	-3.0	-4.0	-6.0	-12.0	14.0	29.0	72.0	147.0	302.0	36.0	73.0	180.0	371.0	744.0	2.0	2.0	6.0	16.0	25.0	1.0	1.0	2.0	1.0	2.0	11.0	29.0	64.0	134.0	276.0	24.0	46.0	133.0	257.0	530.0	1.0	1.0	6.0	11.0	24.0	-2.0	0.0	-2.0	-3.0	-9.0	11.0	19.0	57.0	112.0	209.0	35.0	73.0	190.0	388.0	804.0	0.0	3.0	0.0	5.0	12.0
EPHA1_774_786		41.0	87.0	225.0	448.0	902.0	429.0	869.0	2241.0	3329.0	2562.0	1002.0	1963.0	3525.0	2949.0	1755.0	42.0	80.0	201.0	407.0	834.0	38.0	78.0	198.0	398.0	802.0	375.0	789.0	1993.0	3376.0	2657.0	760.0	1570.0	3628.0	3165.0	2215.0	46.0	98.0	241.0	474.0	945.0	35.0	73.0	188.0	386.0	775.0	300.0	609.0	1529.0	3039.0	2820.0	916.0	1838.0	3501.0	2915.0	1761.0	39.0	86.0	214.0	437.0	863.0
CD79A_181_193		768.0	1535.0	3747.0	3391.0	2685.0	3883.0	3667.0	3014.0	2008.0	0.0	3437.0	3654.0	2978.0	1845.0	0.0	673.0	1353.0	3379.0	3468.0	2841.0	735.0	1450.0	3650.0	3418.0	2710.0	3820.0	3661.0	3037.0	2072.0	0.0	3040.0	3708.0	3120.0	2114.0	149.0	780.0	1554.0	3755.0	3411.0	2697.0	626.0	1273.0	3224.0	3492.0	2878.0	3151.0	3751.0	3209.0	2328.0	756.0	3580.0	3620.0	2840.0	1689.0	0.0	757.0	1552.0	3771.0	3436.0	2759.0
ANXA1_14_26		2.0	18.0	45.0	96.0	196.0	75.0	149.0	390.0	801.0	1576.0	156.0	329.0	790.0	1639.0	2228.0	6.0	13.0	32.0	61.0	148.0	5.0	11.0	25.0	66.0	126.0	63.0	133.0	332.0	684.0	1378.0	136.0	278.0	740.0	1442.0	2409.0	7.0	12.0	37.0	76.0	152.0	5.0	11.0	23.0	58.0	124.0	45.0	93.0	232.0	507.0	994.0	163.0	347.0	860.0	1720.0	2040.0	5.0	16.0	42.0	88.0	180.0
EGFR_1165_1177		4.0	7.0	15.0	26.0	55.0	7.0	16.0	40.0	88.0	186.0	17.0	45.0	106.0	208.0	428.0	0.0	5.0	13.0	19.0	53.0	1.0	7.0	8.0	17.0	37.0	5.0	14.0	40.0	83.0	171.0	14.0	35.0	95.0	192.0	386.0	2.0	3.0	9.0	19.0	46.0	2.0	-1.0	5.0	10.0	30.0	6.0	10.0	36.0	66.0	137.0	22.0	51.0	119.0	252.0	525.0	1.0	5.0	5.0	13.0	37.0
DYR1A_212_224		-2.0	-7.0	-16.0	-33.0	-70.0	2.0	4.0	12.0	20.0	61.0	11.0	19.0	66.0	136.0	255.0	-4.0	-3.0	-5.0	-12.0	-39.0	-2.0	-3.0	-9.0	-22.0	-54.0	3.0	5.0	14.0	27.0	32.0	6.0	17.0	43.0	76.0	158.0	-2.0	-3.0	-9.0	-19.0	-43.0	-2.0	-5.0	-12.0	-17.0	-38.0	2.0	3.0	1.0	10.0	17.0	11.0	27.0	71.0	145.0	289.0	-2.0	-2.0	-5.0	-10.0	-19.0
EGFR_1062_1074		0.0	0.0	-2.0	2.0	-18.0	-4.0	-6.0	-9.0	-30.0	-59.0	-6.0	-10.0	-21.0	-48.0	-113.0	-4.0	-1.0	-1.0	-8.0	-18.0	-3.0	0.0	-5.0	-12.0	-20.0	-2.0	-3.0	-6.0	-19.0	-41.0	-1.0	-6.0	-19.0	-44.0	-93.0	-1.0	-2.0	-10.0	-16.0	-38.0	2.0	-1.0	-2.0	2.0	2.0	-4.0	-4.0	-9.0	-25.0	-56.0	-4.0	-10.0	-29.0	-53.0	-117.0	-1.0	0.0	-6.0	-15.0	-16.0
EGFR_1118_1130		-1.0	1.0	3.0	3.0	10.0	-2.0	-1.0	1.0	2.0	-3.0	2.0	8.0	26.0	67.0	106.0	0.0	2.0	-1.0	4.0	0.0	0.0	0.0	-3.0	-8.0	-10.0	1.0	0.0	3.0	13.0	20.0	4.0	7.0	15.0	35.0	78.0	1.0	-2.0	-4.0	-7.0	-8.0	-1.0	-1.0	-3.0	-10.0	-11.0	0.0	2.0	3.0	7.0	12.0	5.0	6.0	22.0	39.0	88.0	0.0	1.0	-2.0	-2.0	-12.0
EGFR_1190_1202		0.0	-2.0	-3.0	-5.0	-15.0	1.0	5.0	12.0	37.0	79.0	12.0	26.0	59.0	127.0	255.0	1.0	2.0	1.0	2.0	-7.0	-2.0	-1.0	-7.0	-11.0	-26.0	2.0	8.0	23.0	45.0	89.0	8.0	17.0	48.0	97.0	189.0	1.0	-3.0	-1.0	-1.0	-1.0	0.0	-1.0	-2.0	-5.0	-6.0	1.0	8.0	9.0	25.0	52.0	9.0	20.0	58.0	111.0	218.0	1.0	1.0	0.0	-3.0	-2.0
EGFR_862_874		1.0	0.0	-2.0	0.0	23.0	9.0	18.0	51.0	100.0	203.0	20.0	42.0	114.0	216.0	454.0	-2.0	-2.0	-6.0	-12.0	-25.0	-1.0	-2.0	-8.0	-13.0	-30.0	5.0	13.0	32.0	75.0	137.0	14.0	29.0	83.0	161.0	318.0	0.0	0.0	-2.0	-1.0	-5.0	-3.0	-1.0	-5.0	-5.0	-19.0	4.0	10.0	22.0	43.0	81.0	17.0	37.0	96.0	188.0	388.0	-2.0	0.0	-3.0	-7.0	-14.0
EGFR_908_920		1.0	-3.0	-3.0	-13.0	-11.0	2.0	3.0	6.0	-4.0	0.0	-1.0	-1.0	0.0	-11.0	-19.0	-1.0	1.0	-1.0	-5.0	-3.0	-2.0	-2.0	-11.0	-20.0	-51.0	-2.0	-5.0	-10.0	-4.0	-43.0	-1.0	-5.0	-7.0	-16.0	-41.0	-1.0	-2.0	-5.0	-13.0	-37.0	-2.0	-4.0	-3.0	-11.0	-20.0	-3.0	-2.0	-9.0	-13.0	-36.0	0.0	-5.0	-8.0	-12.0	-7.0	0.0	-2.0	-9.0	-14.0	-27.0
EPHA2_581_593		-1.0	-5.0	-13.0	-21.0	-56.0	-4.0	-6.0	-10.0	-11.0	-50.0	0.0	2.0	-4.0	-15.0	-10.0	0.0	0.0	-2.0	-7.0	-24.0	-1.0	-1.0	-7.0	-9.0	7.0	-3.0	-5.0	-9.0	-28.0	-43.0	-2.0	-2.0	-7.0	-17.0	-39.0	-3.0	-2.0	-5.0	-16.0	-29.0	-2.0	-2.0	-1.0	-4.0	-9.0	-3.0	-3.0	-7.0	-13.0	-24.0	-1.0	-1.0	-10.0	-20.0	-33.0	-4.0	-1.0	-5.0	-11.0	-26.0
EPHA4_589_601		-2.0	-2.0	1.0	4.0	22.0	5.0	3.0	13.0	19.0	41.0	6.0	17.0	39.0	86.0	177.0	0.0	2.0	3.0	7.0	14.0	-2.0	0.0	-3.0	2.0	-7.0	3.0	5.0	14.0	24.0	58.0	5.0	11.0	25.0	63.0	125.0	0.0	0.0	2.0	5.0	17.0	0.0	0.0	-1.0	-2.0	3.0	0.0	3.0	6.0	12.0	44.0	6.0	14.0	42.0	98.0	210.0	1.0	5.0	2.0	10.0	10.0
EPHA4_921_933		0.0	1.0	-8.0	-13.0	-29.0	-2.0	-2.0	-8.0	-27.0	-16.0	-6.0	-7.0	-22.0	-48.0	-86.0	-1.0	-3.0	-4.0	-8.0	-16.0	-3.0	0.0	-8.0	-11.0	-22.0	-2.0	-4.0	-11.0	-23.0	-55.0	-4.0	-5.0	-14.0	-18.0	-72.0	2.0	0.0	0.0	-2.0	-3.0	0.0	1.0	-3.0	1.0	-6.0	-1.0	-4.0	-4.0	-8.0	-21.0	-1.0	-7.0	-11.0	-10.0	-43.0	-2.0	1.0	3.0	1.0	-6.0
CBL_693_705		0.0	-5.0	-9.0	-17.0	-39.0	16.0	42.0	94.0	202.0	432.0	61.0	111.0	291.0	582.0	1175.0	1.0	0.0	6.0	10.0	19.0	-2.0	-3.0	-12.0	-25.0	-55.0	19.0	42.0	100.0	212.0	409.0	49.0	95.0	240.0	483.0	963.0	0.0	5.0	9.0	14.0	21.0	-1.0	-4.0	-10.0	-12.0	-35.0	14.0	25.0	72.0	135.0	282.0	52.0	105.0	278.0	560.0	1110.0	0.0	2.0	3.0	6.0	11.0
EPHB1_771_783		28.0	52.0	127.0	272.0	545.0	266.0	541.0	1353.0	2677.0	2652.0	662.0	1325.0	3330.0	3048.0	2010.0	22.0	49.0	126.0	257.0	519.0	21.0	42.0	103.0	218.0	439.0	235.0	481.0	1202.0	2434.0	2768.0	509.0	1040.0	2610.0	3240.0	2387.0	27.0	57.0	147.0	306.0	609.0	20.0	43.0	108.0	210.0	433.0	183.0	372.0	924.0	1860.0	2902.0	584.0	1182.0	2975.0	3067.0	2046.0	27.0	55.0	135.0	268.0	549.0
P85A_600_612		47.0	92.0	240.0	478.0	959.0	642.0	1234.0	3157.0	3119.0	2007.0	1755.0	3474.0	3258.0	2420.0	725.0	43.0	89.0	226.0	457.0	898.0	40.0	77.0	201.0	402.0	826.0	550.0	1094.0	2760.0	3157.0	2181.0	1747.0	3588.0	3316.0	2500.0	907.0	52.0	110.0	266.0	544.0	1106.0	38.0	78.0	201.0	406.0	826.0	451.0	880.0	2205.0	3300.0	2450.0	1907.0	3733.0	3177.0	2211.0	109.0	50.0	109.0	269.0	554.0	1112.0
FGFR3_753_765		5.0	8.0	13.0	27.0	51.0	24.0	53.0	143.0	303.0	597.0	50.0	107.0	282.0	582.0	1187.0	2.0	5.0	13.0	20.0	44.0	0.0	4.0	10.0	13.0	37.0	20.0	49.0	132.0	256.0	517.0	53.0	99.0	266.0	541.0	1067.0	1.0	6.0	14.0	31.0	69.0	1.0	2.0	8.0	14.0	21.0	16.0	34.0	91.0	191.0	381.0	60.0	128.0	314.0	674.0	1388.0	4.0	7.0	15.0	36.0	72.0
ERBB4_1277_1289		2.0	9.0	15.0	21.0	61.0	3.0	6.0	29.0	43.0	102.0	8.0	20.0	51.0	104.0	219.0	2.0	1.0	5.0	5.0	14.0	1.0	2.0	4.0	12.0	18.0	3.0	12.0	20.0	44.0	99.0	7.0	18.0	54.0	102.0	210.0	2.0	4.0	6.0	22.0	26.0	1.0	4.0	4.0	6.0	9.0	3.0	5.0	14.0	27.0	54.0	12.0	21.0	59.0	122.0	248.0	-1.0	-1.0	4.0	9.0	15.0
EPHB1_921_933		-1.0	1.0	-3.0	-6.0	-11.0	3.0	1.0	12.0	12.0	15.0	6.0	15.0	44.0	96.0	190.0	0.0	-1.0	0.0	3.0	8.0	1.0	1.0	-4.0	-2.0	7.0	3.0	5.0	4.0	9.0	23.0	1.0	10.0	19.0	32.0	80.0	-1.0	0.0	0.0	2.0	7.0	2.0	2.0	4.0	-4.0	1.0	0.0	3.0	4.0	8.0	13.0	6.0	11.0	39.0	78.0	171.0	1.0	3.0	3.0	5.0	10.0
EPHB4_583_595		0.0	0.0	-2.0	-1.0	8.0	2.0	7.0	13.0	29.0	58.0	8.0	20.0	54.0	103.0	198.0	-1.0	0.0	2.0	2.0	-2.0	-2.0	-4.0	-1.0	-5.0	-7.0	2.0	4.0	11.0	21.0	45.0	5.0	10.0	36.0	67.0	135.0	0.0	0.0	1.0	-1.0	15.0	1.0	-1.0	6.0	1.0	3.0	3.0	7.0	9.0	37.0	62.0	8.0	19.0	53.0	106.0	216.0	0.0	0.0	2.0	8.0	7.0
ERBB4_1181_1193		2.0	-1.0	-4.0	-8.0	-2.0	1.0	3.0	7.0	16.0	25.0	8.0	16.0	53.0	91.0	196.0	-2.0	-1.0	-5.0	-13.0	-20.0	0.0	-4.0	-7.0	-9.0	-28.0	1.0	6.0	9.0	23.0	54.0	5.0	13.0	39.0	81.0	166.0	-3.0	0.0	-5.0	-4.0	5.0	0.0	-5.0	-3.0	-14.0	-9.0	0.0	1.0	5.0	2.0	20.0	8.0	17.0	47.0	101.0	209.0	-1.0	-2.0	-1.0	-8.0	-12.0
EFS_246_258_Y253F		0.0	0.0	-7.0	-10.0	-26.0	-6.0	-10.0	-20.0	-59.0	-100.0	-5.0	-16.0	-44.0	-90.0	-184.0	-3.0	-3.0	-10.0	-19.0	-47.0	-2.0	-4.0	-10.0	-14.0	-28.0	-3.0	-9.0	-19.0	-43.0	-92.0	-6.0	-12.0	-35.0	-72.0	-127.0	-1.0	-3.0	-8.0	-17.0	-36.0	0.0	-4.0	-5.0	-14.0	-30.0	-2.0	-6.0	-9.0	-21.0	-51.0	-7.0	-12.0	-37.0	-81.0	-147.0	-2.0	-6.0	-10.0	-20.0	-36.0
FABPH_13_25		-1.0	-2.0	-6.0	-12.0	-26.0	-1.0	-8.0	-9.0	-29.0	-51.0	-4.0	-2.0	-14.0	-25.0	-69.0	-3.0	-4.0	-10.0	-21.0	-31.0	-3.0	-3.0	-8.0	-13.0	-48.0	-1.0	-8.0	-22.0	-44.0	-81.0	-3.0	-7.0	-17.0	-44.0	-88.0	-2.0	-4.0	-9.0	-21.0	-43.0	-1.0	-1.0	-11.0	-17.0	-28.0	-4.0	-5.0	-12.0	-32.0	-57.0	-4.0	-7.0	-19.0	-33.0	-59.0	-2.0	-3.0	-6.0	-20.0	-37.0
FGFR3_641_653		0.0	-3.0	-7.0	-12.0	-12.0	-2.0	-2.0	1.0	-11.0	-14.0	-4.0	-5.0	-11.0	-20.0	-29.0	0.0	-1.0	0.0	-3.0	0.0	-1.0	-2.0	-7.0	-16.0	-33.0	-2.0	-3.0	-16.0	-22.0	-42.0	0.0	-4.0	-7.0	-21.0	-39.0	-2.0	-2.0	-8.0	-8.0	-35.0	-1.0	0.0	-1.0	-5.0	-14.0	-2.0	-2.0	-9.0	-14.0	-35.0	0.0	1.0	-2.0	-6.0	0.0	0.0	-1.0	-3.0	-12.0	-26.0
INSR_1348_1360		-1.0	-4.0	-4.0	-20.0	-24.0	1.0	1.0	3.0	10.0	9.0	0.0	2.0	6.0	17.0	36.0	0.0	1.0	3.0	-1.0	5.0	0.0	0.0	3.0	6.0	18.0	0.0	-3.0	0.0	2.0	0.0	0.0	-4.0	3.0	-1.0	0.0	-2.0	0.0	-7.0	-7.0	-20.0	1.0	0.0	0.0	-5.0	5.0	-1.0	1.0	4.0	-1.0	7.0	3.0	0.0	5.0	24.0	24.0	0.0	2.0	1.0	4.0	-2.0
INSR_992_1004		1.0	2.0	4.0	9.0	27.0	1.0	4.0	14.0	26.0	51.0	9.0	15.0	45.0	95.0	192.0	0.0	-2.0	0.0	1.0	-7.0	1.0	-4.0	-4.0	-14.0	-33.0	2.0	1.0	8.0	21.0	24.0	6.0	10.0	23.0	46.0	92.0	-1.0	-1.0	-7.0	-4.0	-19.0	1.0	-1.0	-7.0	0.0	-6.0	1.0	4.0	3.0	11.0	29.0	4.0	13.0	25.0	69.0	118.0	0.0	0.0	-1.0	1.0	8.0
K2C8_425_437		1.0	1.0	-1.0	5.0	23.0	12.0	31.0	77.0	158.0	317.0	38.0	77.0	197.0	399.0	811.0	1.0	0.0	6.0	10.0	27.0	0.0	0.0	1.0	1.0	2.0	11.0	26.0	65.0	139.0	266.0	26.0	59.0	152.0	317.0	604.0	3.0	3.0	7.0	21.0	42.0	1.0	0.0	3.0	1.0	9.0	12.0	22.0	57.0	102.0	214.0	32.0	73.0	178.0	371.0	741.0	1.0	1.0	8.0	16.0	21.0
K2C6B_53_65		3.0	9.0	17.0	43.0	79.0	21.0	45.0	127.0	254.0	490.0	74.0	146.0	377.0	770.0	1553.0	7.0	11.0	27.0	55.0	113.0	4.0	9.0	21.0	46.0	91.0	19.0	43.0	113.0	217.0	458.0	55.0	115.0	296.0	591.0	1184.0	4.0	6.0	21.0	57.0	110.0	4.0	7.0	18.0	36.0	82.0	17.0	30.0	91.0	173.0	367.0	74.0	151.0	388.0	770.0	1552.0	8.0	11.0	31.0	58.0	115.0
CD3E_193_205		4.0	1.0	13.0	27.0	64.0	16.0	42.0	100.0	213.0	423.0	51.0	101.0	271.0	558.0	1116.0	3.0	5.0	20.0	37.0	77.0	2.0	5.0	13.0	30.0	49.0	14.0	37.0	86.0	176.0	361.0	39.0	73.0	182.0	374.0	760.0	2.0	6.0	15.0	32.0	69.0	4.0	5.0	10.0	22.0	51.0	12.0	25.0	72.0	146.0	297.0	50.0	95.0	246.0	498.0	1006.0	1.0	7.0	21.0	36.0	87.0
FES_706_718		38.0	79.0	199.0	398.0	810.0	374.0	745.0	1889.0	3320.0	2534.0	754.0	1529.0	3518.0	2945.0	1789.0	35.0	70.0	181.0	367.0	741.0	35.0	71.0	173.0	358.0	724.0	327.0	679.0	1691.0	3362.0	2615.0	684.0	1398.0	3470.0	3025.0	2031.0	43.0	86.0	221.0	440.0	887.0	31.0	62.0	161.0	334.0	657.0	242.0	485.0	1217.0	2519.0	2870.0	769.0	1593.0	3451.0	2808.0	1379.0	43.0	86.0	210.0	431.0	839.0
CD70_9_21_C17S		10.0	22.0	61.0	120.0	228.0	16.0	37.0	94.0	191.0	390.0	46.0	90.0	232.0	483.0	1021.0	10.0	23.0	50.0	114.0	228.0	15.0	31.0	81.0	161.0	325.0	17.0	30.0	86.0	179.0	344.0	36.0	75.0	194.0	375.0	789.0	10.0	25.0	54.0	123.0	245.0	10.0	20.0	58.0	118.0	248.0	14.0	30.0	75.0	147.0	297.0	55.0	111.0	273.0	539.0	1088.0	16.0	26.0	68.0	137.0	274.0
CD3Z_146_158		0.0	2.0	5.0	4.0	5.0	10.0	23.0	67.0	128.0	283.0	25.0	55.0	140.0	272.0	589.0	-1.0	0.0	-1.0	5.0	6.0	-2.0	-1.0	-3.0	-3.0	-9.0	10.0	18.0	56.0	103.0	216.0	18.0	43.0	113.0	219.0	440.0	-2.0	3.0	5.0	9.0	18.0	-2.0	0.0	-5.0	1.0	-2.0	6.0	13.0	36.0	76.0	143.0	27.0	62.0	158.0	311.0	633.0	0.0	1.0	-2.0	2.0	1.0
MBP_259_271		1.0	3.0	3.0	10.0	20.0	5.0	12.0	20.0	40.0	81.0	8.0	19.0	48.0	96.0	191.0	1.0	2.0	6.0	9.0	15.0	0.0	1.0	1.0	-2.0	2.0	3.0	6.0	19.0	36.0	72.0	5.0	10.0	25.0	63.0	110.0	1.0	1.0	7.0	9.0	15.0	2.0	3.0	7.0	8.0	29.0	-2.0	3.0	8.0	15.0	48.0	6.0	17.0	40.0	80.0	155.0	3.0	2.0	7.0	11.0	39.0
MBP_263_275		0.0	1.0	2.0	-2.0	-1.0	0.0	3.0	-1.0	2.0	20.0	2.0	7.0	20.0	32.0	72.0	0.0	0.0	2.0	1.0	1.0	-1.0	3.0	0.0	1.0	-3.0	1.0	3.0	7.0	8.0	15.0	1.0	3.0	10.0	16.0	41.0	0.0	-2.0	3.0	-1.0	2.0	1.0	1.0	4.0	9.0	25.0	1.0	3.0	9.0	20.0	50.0	7.0	8.0	30.0	66.0	135.0	3.0	2.0	3.0	6.0	10.0
MK01_180_192		-1.0	2.0	4.0	0.0	16.0	8.0	18.0	40.0	87.0	197.0	21.0	51.0	139.0	273.0	521.0	1.0	3.0	8.0	17.0	21.0	-1.0	-1.0	5.0	14.0	11.0	10.0	16.0	48.0	88.0	199.0	20.0	37.0	98.0	194.0	418.0	-1.0	1.0	5.0	7.0	17.0	-2.0	0.0	9.0	11.0	22.0	6.0	11.0	35.0	71.0	137.0	25.0	56.0	130.0	281.0	565.0	1.0	1.0	4.0	10.0	34.0
MK01_198_210		-2.0	-3.0	-5.0	-12.0	-27.0	-3.0	-7.0	-18.0	-27.0	-83.0	-5.0	-8.0	-25.0	-55.0	-113.0	-2.0	-2.0	-10.0	-22.0	-54.0	-1.0	-3.0	-7.0	-21.0	-54.0	-5.0	-5.0	-13.0	-29.0	-64.0	-4.0	-7.0	-20.0	-50.0	-97.0	-3.0	-4.0	-9.0	-20.0	-30.0	0.0	-3.0	-7.0	-12.0	-22.0	-2.0	-8.0	-12.0	-28.0	-62.0	-3.0	-10.0	-24.0	-41.0	-86.0	1.0	-4.0	-7.0	-14.0	-35.0
MK07_212_224		2.0	6.0	19.0	41.0	81.0	21.0	43.0	105.0	217.0	443.0	47.0	95.0	244.0	494.0	994.0	2.0	3.0	5.0	22.0	52.0	3.0	5.0	14.0	30.0	63.0	16.0	36.0	93.0	181.0	364.0	32.0	71.0	173.0	366.0	760.0	5.0	7.0	14.0	35.0	66.0	4.0	1.0	13.0	23.0	55.0	13.0	29.0	75.0	147.0	302.0	46.0	100.0	255.0	503.0	1030.0	4.0	4.0	14.0	20.0	61.0
NTRK1_489_501		4.0	3.0	14.0	24.0	60.0	0.0	-1.0	0.0	-3.0	9.0	-1.0	2.0	-1.0	-4.0	9.0	-1.0	2.0	4.0	5.0	7.0	-1.0	0.0	2.0	3.0	14.0	-2.0	-1.0	-6.0	-15.0	-13.0	0.0	-1.0	-2.0	-6.0	-5.0	-2.0	0.0	-3.0	-2.0	0.0	2.0	3.0	6.0	12.0	19.0	0.0	2.0	0.0	-5.0	1.0	1.0	-1.0	3.0	12.0	-4.0	0.0	-2.0	-3.0	-6.0	10.0
NTRK2_509_521		-6.0	-10.0	-24.0	-49.0	-93.0	-2.0	-7.0	-22.0	-34.0	-87.0	-4.0	-2.0	-6.0	-19.0	-46.0	-3.0	-6.0	-14.0	-30.0	-64.0	-4.0	-4.0	-14.0	-27.0	-59.0	-2.0	-6.0	-17.0	-33.0	-69.0	-1.0	0.0	-3.0	-15.0	-27.0	-4.0	-8.0	-21.0	-41.0	-74.0	-4.0	-5.0	-11.0	-22.0	-54.0	-4.0	-7.0	-13.0	-29.0	-49.0	-3.0	-4.0	-10.0	-8.0	-36.0	0.0	-6.0	-12.0	-24.0	-66.0
ODPAT_291_303		-1.0	0.0	4.0	3.0	12.0	-1.0	-1.0	-8.0	-12.0	-15.0	-2.0	1.0	7.0	16.0	16.0	2.0	0.0	2.0	4.0	1.0	-2.0	2.0	-1.0	-11.0	-19.0	0.0	-1.0	-4.0	-8.0	-13.0	0.0	0.0	1.0	3.0	8.0	-1.0	-2.0	-5.0	-14.0	-28.0	0.0	-3.0	-4.0	-4.0	-11.0	-2.0	-2.0	-6.0	-12.0	-24.0	-1.0	-2.0	-5.0	-5.0	13.0	1.0	-2.0	-3.0	-5.0	-3.0
PERI_458_470		0.0	-2.0	-5.0	-18.0	-32.0	-2.0	-5.0	-14.0	-35.0	-55.0	-6.0	-8.0	-20.0	-37.0	-80.0	2.0	-6.0	-4.0	-15.0	-20.0	0.0	-1.0	-7.0	-13.0	-26.0	-1.0	-5.0	-13.0	-34.0	-61.0	-2.0	-6.0	-14.0	-41.0	-72.0	-1.0	0.0	-8.0	-13.0	-25.0	-3.0	-2.0	-6.0	-1.0	14.0	-3.0	-2.0	-9.0	-18.0	-27.0	-5.0	-10.0	-16.0	-39.0	-99.0	1.0	0.0	-4.0	-1.0	-15.0
TYK2_1048_1060		2.0	5.0	14.0	44.0	95.0	14.0	33.0	91.0	176.0	372.0	40.0	83.0	205.0	423.0	864.0	4.0	11.0	17.0	40.0	80.0	0.0	5.0	8.0	23.0	52.0	17.0	36.0	93.0	172.0	358.0	31.0	61.0	164.0	317.0	669.0	4.0	6.0	21.0	39.0	88.0	0.0	4.0	12.0	38.0	65.0	11.0	27.0	65.0	134.0	283.0	43.0	85.0	217.0	442.0	867.0	6.0	11.0	18.0	42.0	88.0
LAT_249_261		14.0	26.0	61.0	132.0	266.0	115.0	238.0	609.0	1206.0	2435.0	420.0	844.0	2136.0	3188.0	2273.0	17.0	34.0	81.0	168.0	324.0	8.0	17.0	45.0	89.0	184.0	115.0	234.0	584.0	1192.0	2392.0	330.0	685.0	1704.0	3346.0	2590.0	21.0	38.0	98.0	195.0	393.0	8.0	18.0	45.0	93.0	190.0	85.0	176.0	446.0	898.0	1810.0	398.0	813.0	2027.0	3189.0	2317.0	20.0	35.0	87.0	180.0	373.0
CDK2_8_20		74.0	153.0	372.0	759.0	1556.0	577.0	1167.0	2932.0	3266.0	2433.0	1017.0	2083.0	3484.0	2860.0	1701.0	71.0	142.0	376.0	757.0	1512.0	70.0	141.0	358.0	729.0	1469.0	533.0	1072.0	2711.0	3300.0	2488.0	929.0	1911.0	3546.0	2983.0	1867.0	80.0	158.0	409.0	810.0	1663.0	64.0	118.0	322.0	631.0	1290.0	421.0	834.0	2105.0	3448.0	2794.0	1029.0	2150.0	3441.0	2776.0	1561.0	74.0	155.0	389.0	781.0	1583.0
CD3Z_116_128		2.0	1.0	4.0	4.0	-32.0	31.0	68.0	180.0	352.0	714.0	94.0	191.0	475.0	978.0	1969.0	2.0	3.0	7.0	14.0	40.0	2.0	2.0	8.0	16.0	30.0	26.0	60.0	153.0	300.0	633.0	81.0	172.0	439.0	840.0	1733.0	3.0	0.0	9.0	16.0	24.0	3.0	-1.0	-1.0	4.0	11.0	21.0	48.0	122.0	246.0	495.0	102.0	207.0	535.0	1040.0	2084.0	3.0	6.0	15.0	42.0	78.0
MBP_198_210		1.0	3.0	8.0	16.0	19.0	7.0	17.0	44.0	92.0	179.0	19.0	37.0	97.0	200.0	409.0	2.0	7.0	9.0	16.0	37.0	0.0	4.0	7.0	15.0	29.0	7.0	10.0	34.0	63.0	119.0	13.0	25.0	74.0	147.0	299.0	2.0	5.0	11.0	21.0	46.0	-1.0	0.0	5.0	7.0	18.0	6.0	11.0	27.0	59.0	113.0	19.0	41.0	107.0	220.0	434.0	1.0	4.0	8.0	16.0	35.0
PLCG1_1246_1258		3.0	6.0	15.0	25.0	62.0	2.0	0.0	1.0	6.0	15.0	1.0	6.0	11.0	24.0	45.0	0.0	3.0	9.0	10.0	26.0	1.0	0.0	2.0	-3.0	15.0	1.0	-2.0	3.0	12.0	16.0	1.0	-1.0	-2.0	7.0	9.0	2.0	2.0	6.0	13.0	24.0	2.0	2.0	5.0	7.0	17.0	1.0	0.0	5.0	-1.0	8.0	-1.0	0.0	-1.0	7.0	12.0	0.0	0.0	4.0	4.0	9.0
PRGR_545_557		1.0	0.0	2.0	2.0	3.0	-4.0	-6.0	-14.0	-17.0	-36.0	-4.0	-4.0	-8.0	-12.0	-45.0	0.0	-1.0	-6.0	-5.0	-24.0	-2.0	-3.0	-4.0	-17.0	-12.0	0.0	0.0	0.0	-10.0	-23.0	-2.0	-8.0	-10.0	-21.0	-44.0	-2.0	-4.0	-8.0	-9.0	-30.0	0.0	-1.0	0.0	-4.0	-10.0	0.0	0.0	-1.0	-4.0	13.0	-3.0	-3.0	-3.0	-6.0	0.0	-3.0	-2.0	-2.0	-10.0	-13.0
PP2AB_297_309		2.0	0.0	7.0	2.0	6.0	2.0	6.0	14.0	44.0	64.0	11.0	21.0	52.0	105.0	232.0	-3.0	0.0	-2.0	9.0	5.0	0.0	2.0	6.0	7.0	19.0	4.0	6.0	16.0	33.0	87.0	8.0	14.0	35.0	65.0	135.0	1.0	-1.0	-2.0	-5.0	-5.0	1.0	2.0	7.0	4.0	59.0	4.0	4.0	16.0	26.0	57.0	10.0	19.0	50.0	111.0	238.0	1.0	-1.0	2.0	1.0	10.0
PTN11_539_551		2.0	1.0	3.0	9.0	19.0	7.0	7.0	22.0	43.0	93.0	11.0	26.0	57.0	124.0	247.0	0.0	3.0	4.0	9.0	18.0	0.0	1.0	4.0	3.0	8.0	7.0	1.0	17.0	28.0	50.0	9.0	16.0	49.0	98.0	180.0	1.0	1.0	4.0	12.0	19.0	1.0	2.0	8.0	10.0	25.0	2.0	6.0	15.0	33.0	67.0	15.0	30.0	65.0	138.0	277.0	0.0	2.0	6.0	19.0	34.0
RBL2_99_111		-1.0	0.0	-8.0	-4.0	-20.0	2.0	4.0	11.0	20.0	37.0	3.0	13.0	31.0	77.0	163.0	-3.0	-1.0	-4.0	-4.0	-11.0	-1.0	-3.0	-7.0	-13.0	-16.0	3.0	2.0	9.0	16.0	32.0	7.0	8.0	32.0	62.0	124.0	0.0	-3.0	-3.0	-2.0	-20.0	-2.0	-6.0	-6.0	-17.0	-44.0	0.0	0.0	7.0	12.0	17.0	7.0	19.0	49.0	98.0	198.0	-1.0	-1.0	-3.0	-6.0	-13.0
RET_680_692		1.0	-1.0	-1.0	-2.0	-7.0	0.0	-3.0	-9.0	-15.0	-36.0	-2.0	1.0	-10.0	-14.0	-37.0	-2.0	-3.0	-4.0	-6.0	-28.0	-3.0	-6.0	-9.0	-17.0	-26.0	-3.0	-5.0	-14.0	-25.0	-66.0	-1.0	-4.0	-11.0	-28.0	-37.0	0.0	-4.0	-6.0	-11.0	-19.0	1.0	-1.0	-7.0	-13.0	-18.0	1.0	-5.0	-5.0	-16.0	-36.0	0.0	-3.0	-2.0	-23.0	-26.0	-2.0	-5.0	-7.0	-15.0	-27.0
RON_1346_1358		2.0	5.0	3.0	9.0	25.0	21.0	40.0	109.0	229.0	452.0	52.0	108.0	285.0	585.0	1171.0	-2.0	3.0	12.0	19.0	40.0	0.0	2.0	5.0	11.0	25.0	18.0	37.0	97.0	198.0	378.0	43.0	88.0	232.0	439.0	900.0	-1.0	6.0	9.0	26.0	49.0	0.0	3.0	6.0	12.0	23.0	17.0	29.0	81.0	162.0	322.0	52.0	106.0	281.0	543.0	1118.0	3.0	5.0	17.0	32.0	61.0
STAT1_694_706		-2.0	-4.0	-8.0	-21.0	-38.0	-7.0	-13.0	-19.0	-50.0	-112.0	-7.0	-13.0	-31.0	-67.0	-135.0	-1.0	-1.0	-6.0	-16.0	-32.0	-4.0	-3.0	-11.0	-19.0	-41.0	-5.0	-11.0	-23.0	-51.0	-98.0	-6.0	-15.0	-33.0	-70.0	-128.0	0.0	0.0	-9.0	-17.0	-44.0	1.0	-2.0	-4.0	-10.0	-17.0	-3.0	-5.0	-20.0	-41.0	-74.0	-4.0	-14.0	-36.0	-75.0	-133.0	-2.0	0.0	-7.0	-6.0	-10.0
STAT3_698_710		0.0	-4.0	-8.0	-25.0	-38.0	-1.0	0.0	1.0	1.0	-10.0	-3.0	0.0	-6.0	-10.0	-4.0	-2.0	-2.0	-9.0	-14.0	-28.0	0.0	-4.0	-9.0	-13.0	-29.0	-1.0	-7.0	-12.0	-28.0	-52.0	-1.0	-1.0	-1.0	6.0	12.0	0.0	-4.0	-6.0	-11.0	-23.0	-1.0	-3.0	-9.0	-17.0	-30.0	-2.0	-1.0	-7.0	-15.0	-24.0	-2.0	-1.0	0.0	-8.0	-15.0	-2.0	-5.0	-1.0	-8.0	-17.0
ANXA2_17_29		0.0	3.0	3.0	7.0	8.0	19.0	40.0	98.0	204.0	403.0	51.0	100.0	258.0	517.0	1041.0	4.0	6.0	14.0	23.0	61.0	1.0	1.0	-1.0	-3.0	-3.0	18.0	35.0	100.0	198.0	400.0	40.0	81.0	211.0	429.0	873.0	2.0	4.0	10.0	17.0	29.0	1.0	3.0	4.0	8.0	20.0	13.0	28.0	74.0	159.0	319.0	52.0	98.0	270.0	529.0	1049.0	2.0	2.0	9.0	14.0	34.0
LYN_391_403		11.0	21.0	55.0	112.0	211.0	95.0	200.0	525.0	1035.0	2087.0	243.0	490.0	1219.0	2476.0	2361.0	9.0	19.0	51.0	102.0	198.0	9.0	13.0	37.0	79.0	155.0	88.0	186.0	464.0	941.0	1866.0	191.0	401.0	1015.0	2023.0	2635.0	11.0	22.0	58.0	121.0	244.0	7.0	15.0	40.0	72.0	160.0	66.0	134.0	346.0	688.0	1385.0	214.0	457.0	1144.0	2285.0	2409.0	11.0	20.0	53.0	110.0	214.0
EPHA2_765_777		52.0	112.0	278.0	554.0	1116.0	527.0	1045.0	2612.0	3310.0	2517.0	1028.0	2066.0	3508.0	2931.0	1703.0	50.0	100.0	249.0	532.0	1040.0	46.0	92.0	238.0	480.0	981.0	470.0	944.0	2432.0	3344.0	2578.0	973.0	1966.0	3571.0	3028.0	1919.0	56.0	111.0	281.0	570.0	1138.0	45.0	87.0	230.0	452.0	908.0	372.0	732.0	1850.0	3485.0	2876.0	1082.0	2209.0	3459.0	2838.0	1448.0	54.0	111.0	283.0	557.0	1134.0
JAK3_974_986		6.0	13.0	36.0	67.0	132.0	59.0	120.0	298.0	601.0	1244.0	146.0	298.0	748.0	1516.0	2411.0	8.0	15.0	36.0	80.0	155.0	6.0	16.0	27.0	67.0	130.0	49.0	105.0	273.0	550.0	1118.0	121.0	253.0	660.0	1311.0	2643.0	5.0	17.0	41.0	82.0	159.0	5.0	11.0	28.0	54.0	116.0	45.0	84.0	226.0	453.0	882.0	145.0	305.0	778.0	1556.0	2359.0	7.0	16.0	42.0	85.0	169.0
VGFR2_944_956		4.0	10.0	24.0	40.0	90.0	4.0	8.0	30.0	62.0	131.0	16.0	34.0	89.0	182.0	375.0	2.0	5.0	10.0	28.0	55.0	5.0	8.0	21.0	39.0	76.0	5.0	8.0	26.0	66.0	122.0	15.0	29.0	69.0	140.0	291.0	2.0	10.0	22.0	38.0	75.0	1.0	4.0	11.0	28.0	52.0	4.0	9.0	23.0	50.0	89.0	16.0	40.0	94.0	192.0	403.0	4.0	7.0	19.0	38.0	74.0
STAT4_686_698		-1.0	1.0	-2.0	-12.0	-21.0	-4.0	-4.0	-12.0	-20.0	-56.0	-3.0	-8.0	-13.0	-23.0	-57.0	-1.0	-3.0	-5.0	-7.0	-12.0	-2.0	-1.0	-3.0	-12.0	-24.0	0.0	-2.0	-5.0	-8.0	-12.0	1.0	-7.0	-12.0	-17.0	-46.0	0.0	1.0	-2.0	-6.0	-9.0	0.0	-2.0	1.0	1.0	-7.0	-1.0	-2.0	-7.0	-16.0	-33.0	-4.0	-8.0	-13.0	-36.0	-74.0	0.0	-2.0	-3.0	-7.0	-9.0
STAT4_714_726		2.0	2.0	8.0	7.0	11.0	7.0	20.0	58.0	116.0	225.0	26.0	58.0	153.0	318.0	651.0	0.0	-3.0	-5.0	-4.0	-9.0	-1.0	2.0	-5.0	-13.0	-17.0	9.0	17.0	57.0	111.0	227.0	18.0	42.0	107.0	214.0	452.0	0.0	1.0	0.0	4.0	15.0	-2.0	-2.0	0.0	2.0	-1.0	10.0	16.0	46.0	105.0	175.0	24.0	56.0	141.0	295.0	591.0	1.0	0.0	4.0	7.0	19.0
STA5A_687_699		-3.0	-4.0	-10.0	-23.0	-42.0	-4.0	-4.0	-13.0	-31.0	-60.0	-2.0	1.0	-9.0	-23.0	-27.0	-4.0	-4.0	-11.0	-18.0	-33.0	-2.0	2.0	-4.0	-8.0	-28.0	-5.0	-3.0	-13.0	-16.0	-55.0	-1.0	-4.0	-1.0	-6.0	-5.0	-3.0	-3.0	-12.0	-27.0	-48.0	-2.0	-8.0	-10.0	-20.0	-58.0	-2.0	-2.0	-11.0	-21.0	-57.0	-2.0	-5.0	-10.0	-20.0	-45.0	-2.0	0.0	-5.0	-15.0	-23.0
STAT6_634_646		-2.0	-1.0	-9.0	-13.0	-31.0	-3.0	-5.0	-10.0	-15.0	-21.0	-4.0	-8.0	-14.0	-37.0	-93.0	0.0	-3.0	-7.0	-10.0	-41.0	0.0	-4.0	-16.0	-20.0	-67.0	-6.0	-6.0	-8.0	-12.0	-49.0	-2.0	-8.0	-8.0	-19.0	-47.0	-1.0	1.0	-7.0	-13.0	-35.0	-1.0	0.0	-8.0	-6.0	-15.0	-5.0	-3.0	-13.0	-17.0	-50.0	-3.0	-3.0	-12.0	-40.0	-76.0	-1.0	-2.0	-8.0	-10.0	-21.0
TNNT1_2_14		-2.0	-4.0	-9.0	-29.0	-55.0	0.0	-1.0	-2.0	7.0	11.0	1.0	1.0	5.0	4.0	18.0	-3.0	-5.0	-11.0	-18.0	-30.0	0.0	-4.0	-14.0	-30.0	-71.0	0.0	1.0	-3.0	-1.0	5.0	-2.0	-2.0	-1.0	-7.0	9.0	-1.0	-3.0	-12.0	-33.0	-74.0	-1.0	-5.0	-8.0	-18.0	-35.0	-1.0	1.0	-2.0	-9.0	-24.0	1.0	4.0	11.0	21.0	39.0	-4.0	-6.0	-13.0	-22.0	-47.0
VGFR1_1046_1058_Y1048F		1.0	0.0	4.0	4.0	-10.0	-3.0	-1.0	4.0	7.0	2.0	-2.0	0.0	-1.0	-1.0	-4.0	-1.0	0.0	-2.0	-4.0	-13.0	0.0	0.0	-5.0	-8.0	-24.0	-2.0	-4.0	-8.0	-19.0	-49.0	-3.0	-6.0	-13.0	-27.0	-71.0	-3.0	3.0	-6.0	-4.0	-19.0	-1.0	-2.0	0.0	-10.0	-6.0	-1.0	-1.0	-2.0	-7.0	-9.0	0.0	0.0	-2.0	9.0	2.0	-1.0	-1.0	-5.0	-12.0	-24.0
VGFR1_1049_1061		0.0	0.0	2.0	1.0	0.0	-1.0	-2.0	1.0	9.0	13.0	4.0	7.0	10.0	44.0	82.0	0.0	0.0	0.0	3.0	-2.0	1.0	3.0	4.0	14.0	22.0	0.0	-1.0	4.0	13.0	2.0	0.0	3.0	12.0	29.0	63.0	-2.0	3.0	0.0	0.0	6.0	-2.0	-1.0	4.0	1.0	0.0	4.0	4.0	7.0	18.0	20.0	0.0	4.0	11.0	25.0	73.0	1.0	3.0	0.0	2.0	4.0
VGFR1_1162_1174		0.0	-2.0	-6.0	-19.0	-30.0	-3.0	-3.0	-8.0	-9.0	-23.0	3.0	5.0	10.0	19.0	33.0	-2.0	-2.0	0.0	-7.0	-8.0	-2.0	-6.0	-11.0	-36.0	-59.0	-1.0	-3.0	-7.0	-6.0	-17.0	-3.0	-1.0	-1.0	0.0	32.0	-1.0	-2.0	-9.0	-18.0	-30.0	-2.0	-6.0	-7.0	-16.0	-52.0	-2.0	-2.0	-8.0	-15.0	-28.0	1.0	-2.0	3.0	4.0	21.0	-2.0	-2.0	-4.0	-7.0	-18.0
VGFR1_1206_1218		0.0	1.0	-3.0	-1.0	-6.0	0.0	-1.0	1.0	2.0	4.0	-1.0	3.0	4.0	7.0	49.0	-2.0	-1.0	-1.0	-4.0	-6.0	0.0	-2.0	-4.0	-10.0	-19.0	-2.0	-1.0	-8.0	-6.0	-19.0	2.0	6.0	5.0	18.0	66.0	-1.0	2.0	0.0	3.0	-1.0	-2.0	-4.0	0.0	-5.0	-10.0	1.0	1.0	5.0	4.0	-6.0	2.0	7.0	5.0	23.0	42.0	0.0	-1.0	4.0	-5.0	-9.0
VISTA_260_270		4.0	8.0	14.0	23.0	42.0	4.0	10.0	38.0	75.0	155.0	23.0	51.0	121.0	260.0	495.0	4.0	7.0	18.0	37.0	72.0	2.0	9.0	18.0	32.0	68.0	5.0	10.0	28.0	67.0	140.0	15.0	33.0	91.0	188.0	359.0	4.0	11.0	22.0	39.0	73.0	1.0	8.0	16.0	36.0	77.0	4.0	13.0	30.0	62.0	126.0	23.0	53.0	134.0	261.0	524.0	1.0	10.0	17.0	38.0	74.0
FAK2_572_584		15.0	33.0	72.0	157.0	310.0	103.0	202.0	534.0	1028.0	2102.0	240.0	468.0	1163.0	2352.0	2370.0	15.0	31.0	85.0	168.0	334.0	16.0	27.0	61.0	128.0	247.0	91.0	188.0	493.0	978.0	1968.0	181.0	378.0	931.0	1882.0	2651.0	14.0	36.0	81.0	165.0	337.0	12.0	26.0	63.0	135.0	253.0	72.0	146.0	373.0	735.0	1471.0	213.0	446.0	1107.0	2239.0	2448.0	15.0	32.0	89.0	180.0	366.0
KIT_930_942_C942S		20.0	41.0	106.0	214.0	425.0	223.0	456.0	1135.0	2301.0	2725.0	572.0	1126.0	2876.0	3091.0	2109.0	24.0	46.0	117.0	242.0	497.0	20.0	36.0	92.0	191.0	388.0	203.0	421.0	1067.0	2098.0	2776.0	527.0	1076.0	2667.0	3216.0	2315.0	24.0	50.0	127.0	265.0	516.0	18.0	38.0	93.0	191.0	377.0	166.0	331.0	847.0	1703.0	3011.0	602.0	1221.0	3084.0	3009.0	1909.0	24.0	48.0	123.0	257.0	519.0
CD28_203_215		4.0	7.0	17.0	27.0	73.0	11.0	22.0	54.0	112.0	214.0	28.0	63.0	153.0	311.0	639.0	6.0	7.0	26.0	53.0	111.0	5.0	12.0	21.0	53.0	110.0	10.0	17.0	46.0	104.0	195.0	20.0	47.0	122.0	235.0	491.0	4.0	7.0	27.0	49.0	98.0	5.0	8.0	18.0	41.0	84.0	7.0	18.0	45.0	93.0	192.0	34.0	73.0	175.0	348.0	694.0	5.0	7.0	21.0	53.0	121.0
MK08_181_191		4.0	13.0	25.0	57.0	114.0	18.0	44.0	109.0	216.0	435.0	54.0	111.0	280.0	554.0	1157.0	6.0	14.0	27.0	61.0	125.0	4.0	13.0	36.0	75.0	145.0	16.0	30.0	90.0	188.0	383.0	46.0	91.0	232.0	464.0	938.0	6.0	16.0	34.0	75.0	157.0	6.0	10.0	21.0	53.0	109.0	13.0	26.0	81.0	157.0	318.0	53.0	113.0	294.0	574.0	1178.0	5.0	16.0	33.0	67.0	156.0
VGFR2_1207_1219_C1208S		0.0	-3.0	-2.0	-11.0	-7.0	0.0	1.0	0.0	-18.0	-29.0	0.0	1.0	2.0	1.0	-11.0	-1.0	-3.0	-3.0	-11.0	-23.0	-3.0	-2.0	-10.0	-9.0	-27.0	1.0	2.0	-1.0	-1.0	-5.0	0.0	-3.0	-2.0	-10.0	-36.0	-3.0	-4.0	-11.0	-17.0	-38.0	-2.0	-3.0	-3.0	-7.0	-11.0	-3.0	-3.0	-4.0	-3.0	-21.0	-3.0	-1.0	-7.0	-16.0	-22.0	-2.0	-2.0	-10.0	-16.0	-40.0
VGFR3_1061_1073		5.0	5.0	18.0	37.0	76.0	16.0	38.0	90.0	174.0	339.0	42.0	83.0	219.0	438.0	907.0	4.0	4.0	13.0	31.0	60.0	1.0	3.0	10.0	10.0	23.0	18.0	30.0	92.0	177.0	353.0	29.0	58.0	154.0	292.0	608.0	3.0	5.0	18.0	40.0	80.0	5.0	5.0	13.0	20.0	58.0	14.0	26.0	68.0	140.0	281.0	37.0	78.0	194.0	400.0	810.0	2.0	8.0	15.0	37.0	82.0
VINC_815_827		-2.0	-3.0	-7.0	-12.0	-26.0	5.0	4.0	10.0	22.0	60.0	13.0	26.0	75.0	145.0	288.0	-1.0	0.0	2.0	0.0	-1.0	-1.0	0.0	2.0	7.0	4.0	3.0	7.0	16.0	43.0	72.0	7.0	16.0	54.0	109.0	216.0	0.0	0.0	-4.0	1.0	-3.0	1.0	-1.0	-4.0	-7.0	-13.0	4.0	7.0	11.0	30.0	60.0	14.0	27.0	79.0	146.0	308.0	-1.0	-1.0	-1.0	-3.0	-4.0
ZBT16_621_633		2.0	4.0	10.0	14.0	28.0	8.0	15.0	34.0	72.0	141.0	15.0	31.0	84.0	172.0	344.0	1.0	2.0	8.0	18.0	33.0	0.0	1.0	3.0	6.0	13.0	5.0	11.0	30.0	57.0	119.0	12.0	23.0	70.0	122.0	258.0	2.0	3.0	5.0	9.0	19.0	0.0	5.0	6.0	7.0	15.0	3.0	7.0	18.0	41.0	62.0	15.0	30.0	71.0	163.0	302.0	3.0	2.0	7.0	14.0	31.0
AKT1_170_182		-1.0	1.0	-6.0	-9.0	-28.0	3.0	3.0	5.0	18.0	32.0	10.0	21.0	52.0	105.0	213.0	-2.0	1.0	4.0	2.0	12.0	2.0	0.0	8.0	9.0	10.0	2.0	2.0	2.0	10.0	31.0	8.0	16.0	41.0	82.0	171.0	0.0	2.0	4.0	7.0	15.0	1.0	3.0	5.0	4.0	20.0	0.0	5.0	2.0	9.0	20.0	11.0	25.0	65.0	127.0	256.0	1.0	2.0	5.0	12.0	24.0
AKT1_309_321_C310S		0.0	2.0	3.0	5.0	9.0	9.0	16.0	43.0	89.0	176.0	17.0	36.0	95.0	194.0	409.0	1.0	2.0	7.0	11.0	23.0	-2.0	3.0	2.0	11.0	17.0	6.0	13.0	30.0	62.0	133.0	15.0	27.0	81.0	163.0	312.0	1.0	5.0	10.0	18.0	56.0	-1.0	1.0	1.0	6.0	10.0	6.0	15.0	34.0	78.0	157.0	18.0	36.0	97.0	207.0	414.0	2.0	4.0	3.0	9.0	28.0
CD28_185_197		-1.0	2.0	3.0	10.0	10.0	1.0	5.0	16.0	34.0	66.0	7.0	13.0	39.0	78.0	186.0	2.0	3.0	8.0	13.0	27.0	2.0	6.0	14.0	26.0	43.0	6.0	7.0	21.0	45.0	101.0	5.0	13.0	34.0	76.0	154.0	1.0	1.0	6.0	14.0	34.0	1.0	4.0	6.0	15.0	32.0	6.0	10.0	22.0	54.0	109.0	8.0	13.0	37.0	83.0	143.0	0.0	1.0	6.0	2.0	13.0
CD3Z_147_159		0.0	0.0	3.0	0.0	-8.0	10.0	14.0	36.0	80.0	173.0	23.0	46.0	111.0	236.0	465.0	1.0	-1.0	1.0	6.0	20.0	-2.0	-3.0	-8.0	-11.0	-40.0	5.0	8.0	33.0	59.0	121.0	14.0	29.0	77.0	155.0	305.0	1.0	-2.0	-3.0	2.0	-8.0	-3.0	1.0	-3.0	-1.0	-6.0	4.0	9.0	18.0	51.0	95.0	13.0	35.0	93.0	178.0	375.0	1.0	3.0	-2.0	2.0	9.0
ERBB3_1283_1295		-1.0	0.0	3.0	2.0	0.0	-2.0	-4.0	-15.0	-25.0	-46.0	-2.0	-3.0	-10.0	-26.0	-45.0	-1.0	-3.0	-5.0	-6.0	-22.0	-2.0	-2.0	-4.0	0.0	-12.0	-4.0	-10.0	-18.0	-33.0	-69.0	-3.0	-2.0	-3.0	-9.0	-20.0	0.0	0.0	3.0	7.0	7.0	1.0	2.0	2.0	-4.0	-10.0	-5.0	-3.0	-3.0	-10.0	-32.0	-3.0	-2.0	-11.0	-19.0	-41.0	0.0	0.0	2.0	-4.0	0.0
VGFR2_1046_1058		3.0	8.0	14.0	43.0	80.0	12.0	24.0	75.0	158.0	306.0	29.0	64.0	162.0	348.0	692.0	2.0	3.0	13.0	31.0	66.0	-1.0	3.0	3.0	17.0	41.0	12.0	25.0	72.0	139.0	291.0	21.0	52.0	135.0	272.0	544.0	6.0	5.0	11.0	35.0	65.0	4.0	8.0	11.0	31.0	65.0	10.0	19.0	56.0	115.0	225.0	33.0	74.0	177.0	347.0	680.0	3.0	4.0	20.0	42.0	73.0
CDK4_11_23		7.0	19.0	42.0	95.0	180.0	104.0	208.0	516.0	1022.0	2062.0	254.0	503.0	1260.0	2562.0	2367.0	9.0	21.0	56.0	114.0	210.0	6.0	12.0	35.0	70.0	141.0	95.0	189.0	486.0	955.0	1975.0	210.0	426.0	1056.0	2145.0	2655.0	12.0	24.0	55.0	115.0	231.0	9.0	19.0	39.0	84.0	178.0	74.0	144.0	367.0	727.0	1480.0	230.0	481.0	1198.0	2442.0	2457.0	7.0	22.0	56.0	103.0	216.0
VGFR2_989_1001		57.0	110.0	286.0	580.0	1158.0	492.0	982.0	2470.0	3368.0	2631.0	971.0	1930.0	3547.0	3009.0	1954.0	54.0	109.0	291.0	573.0	1137.0	46.0	96.0	251.0	503.0	1000.0	410.0	840.0	2139.0	3388.0	2671.0	872.0	1766.0	3633.0	3149.0	2162.0	59.0	112.0	297.0	605.0	1194.0	46.0	93.0	232.0	467.0	954.0	352.0	720.0	1771.0	3524.0	2956.0	996.0	2007.0	3537.0	2995.0	1800.0	54.0	106.0	275.0	556.0	1105.0
NPT2A_501_513		0.0	2.0	0.0	2.0	9.0	0.0	4.0	11.0	27.0	49.0	12.0	22.0	62.0	117.0	241.0	4.0	6.0	13.0	24.0	44.0	1.0	4.0	12.0	24.0	36.0	0.0	1.0	15.0	27.0	46.0	9.0	17.0	45.0	103.0	195.0	3.0	5.0	16.0	27.0	55.0	3.0	6.0	9.0	30.0	40.0	3.0	7.0	15.0	21.0	60.0	15.0	28.0	67.0	139.0	299.0	2.0	7.0	15.0	35.0	54.0
MK03_199_208		0.0	0.0	5.0	16.0	22.0	14.0	30.0	80.0	156.0	321.0	40.0	73.0	200.0	387.0	799.0	3.0	4.0	7.0	17.0	44.0	3.0	6.0	7.0	15.0	33.0	11.0	22.0	71.0	141.0	285.0	30.0	57.0	157.0	334.0	686.0	2.0	4.0	11.0	22.0	50.0	3.0	3.0	5.0	13.0	22.0	9.0	22.0	54.0	109.0	237.0	41.0	81.0	196.0	404.0	813.0	3.0	3.0	10.0	21.0	41.0
FYN_525_537		-2.0	-5.0	-8.0	-26.0	-48.0	-4.0	-5.0	-14.0	-26.0	-47.0	3.0	5.0	11.0	17.0	36.0	-2.0	0.0	-8.0	-14.0	-35.0	-1.0	-3.0	-15.0	-27.0	-47.0	0.0	-3.0	-1.0	3.0	-18.0	0.0	2.0	3.0	16.0	28.0	-2.0	-2.0	-3.0	-15.0	-31.0	-2.0	-3.0	-9.0	-14.0	-45.0	-1.0	-4.0	-7.0	-10.0	-21.0	-2.0	1.0	-4.0	-1.0	9.0	-3.0	-5.0	-8.0	-17.0	-29.0
GAB2_638_648		-1.0	1.0	-2.0	-3.0	-4.0	0.0	3.0	6.0	10.0	-16.0	9.0	17.0	51.0	96.0	192.0	-2.0	-4.0	-3.0	-15.0	-25.0	2.0	0.0	-10.0	-18.0	-18.0	4.0	3.0	15.0	24.0	57.0	7.0	11.0	36.0	76.0	155.0	1.0	0.0	-3.0	-9.0	-17.0	-1.0	0.0	-6.0	-8.0	-16.0	1.0	4.0	12.0	30.0	52.0	7.0	15.0	50.0	93.0	184.0	0.0	1.0	-2.0	-3.0	-10.0
GSK3B_210_222_C218S		3.0	4.0	10.0	17.0	55.0	9.0	21.0	59.0	127.0	254.0	28.0	60.0	161.0	324.0	638.0	4.0	5.0	13.0	31.0	63.0	3.0	7.0	10.0	31.0	50.0	12.0	20.0	65.0	128.0	256.0	20.0	42.0	115.0	230.0	464.0	2.0	5.0	13.0	34.0	68.0	2.0	3.0	10.0	32.0	40.0	8.0	15.0	48.0	97.0	195.0	25.0	56.0	136.0	288.0	594.0	3.0	6.0	16.0	30.0	60.0
JAK1_214_226		-2.0	0.0	1.0	-7.0	-6.0	0.0	-1.0	-3.0	0.0	4.0	1.0	0.0	-2.0	-8.0	-15.0	0.0	1.0	-4.0	-7.0	0.0	0.0	0.0	-3.0	-13.0	-24.0	0.0	-2.0	-8.0	-12.0	-24.0	-1.0	-1.0	-3.0	-6.0	-19.0	-2.0	-3.0	-9.0	-9.0	-4.0	-3.0	-1.0	0.0	-12.0	-15.0	-2.0	-1.0	-4.0	-4.0	-9.0	-1.0	-5.0	-1.0	-11.0	-19.0	-3.0	-2.0	-3.0	-1.0	-20.0
JAK2_1001_1013		1.0	-2.0	-3.0	-5.0	-12.0	0.0	0.0	4.0	26.0	47.0	8.0	9.0	20.0	45.0	78.0	0.0	-2.0	-11.0	-15.0	-27.0	-1.0	-2.0	-5.0	-14.0	-29.0	-1.0	0.0	3.0	8.0	11.0	5.0	5.0	16.0	35.0	83.0	0.0	-1.0	-1.0	-8.0	-13.0	0.0	1.0	-3.0	-2.0	-4.0	1.0	0.0	2.0	-1.0	6.0	7.0	8.0	24.0	51.0	97.0	1.0	-3.0	-2.0	-6.0	-12.0
LYN_501_512		0.0	0.0	1.0	3.0	-3.0	0.0	6.0	14.0	21.0	44.0	7.0	19.0	44.0	76.0	164.0	0.0	0.0	-4.0	-10.0	-10.0	1.0	-1.0	-8.0	-9.0	-23.0	1.0	-1.0	1.0	5.0	1.0	4.0	10.0	19.0	51.0	117.0	-1.0	-1.0	-6.0	-5.0	-15.0	-1.0	-3.0	-6.0	-14.0	-27.0	2.0	6.0	3.0	16.0	36.0	7.0	17.0	37.0	82.0	162.0	-1.0	-1.0	-3.0	-6.0	-8.0
MAPK3_198_210_C203S		2.0	0.0	-2.0	0.0	-3.0	11.0	28.0	71.0	138.0	292.0	34.0	66.0	170.0	367.0	710.0	1.0	2.0	7.0	10.0	28.0	0.0	2.0	9.0	15.0	29.0	10.0	23.0	64.0	138.0	260.0	29.0	58.0	149.0	293.0	584.0	1.0	1.0	7.0	18.0	29.0	0.0	1.0	4.0	10.0	21.0	8.0	21.0	55.0	109.0	204.0	33.0	65.0	171.0	351.0	687.0	0.0	2.0	5.0	8.0	28.0
MET_1360_1370_C1361S		-5.0	-5.0	-15.0	-34.0	-56.0	-5.0	-9.0	-20.0	-42.0	-88.0	3.0	-1.0	-3.0	-4.0	14.0	-4.0	-5.0	-10.0	-31.0	-52.0	-2.0	-5.0	-18.0	-34.0	-70.0	-6.0	-4.0	-13.0	-35.0	-75.0	0.0	-8.0	-13.0	-22.0	-46.0	-6.0	-4.0	-12.0	-24.0	-67.0	-3.0	-4.0	-10.0	-23.0	-48.0	-1.0	-4.0	-12.0	-16.0	-41.0	-2.0	-3.0	-8.0	-7.0	-9.0	-1.0	-7.0	-6.0	-17.0	-39.0
MK01_200_209		1.0	-7.0	-13.0	-35.0	-50.0	0.0	-3.0	-6.0	-11.0	-2.0	5.0	3.0	8.0	22.0	47.0	0.0	-4.0	-6.0	-19.0	-24.0	0.0	-2.0	-10.0	-21.0	-39.0	-1.0	-6.0	-6.0	-13.0	-28.0	1.0	4.0	8.0	13.0	36.0	-1.0	1.0	-8.0	-2.0	-12.0	0.0	-2.0	-5.0	-4.0	-13.0	-2.0	-3.0	-6.0	-8.0	-18.0	2.0	7.0	9.0	26.0	54.0	0.0	-5.0	-2.0	-6.0	-16.0
ARAF_297_307		5.0	11.0	28.0	54.0	112.0	26.0	59.0	150.0	298.0	605.0	64.0	126.0	322.0	648.0	1283.0	3.0	13.0	24.0	52.0	108.0	4.0	10.0	23.0	48.0	95.0	24.0	52.0	138.0	280.0	563.0	52.0	100.0	256.0	525.0	1033.0	9.0	14.0	33.0	74.0	143.0	7.0	12.0	23.0	54.0	106.0	21.0	39.0	102.0	212.0	427.0	59.0	121.0	303.0	617.0	1234.0	6.0	8.0	25.0	53.0	122.0
ZAP70_485_497		6.0	12.0	32.0	67.0	136.0	55.0	108.0	281.0	548.0	1146.0	143.0	284.0	699.0	1409.0	2492.0	8.0	15.0	34.0	72.0	139.0	4.0	12.0	22.0	47.0	101.0	48.0	99.0	261.0	504.0	1008.0	108.0	224.0	572.0	1141.0	2316.0	6.0	17.0	31.0	79.0	138.0	6.0	12.0	24.0	50.0	104.0	36.0	80.0	198.0	391.0	790.0	128.0	267.0	670.0	1342.0	2507.0	6.0	14.0	35.0	78.0	139.0
PDPK1_2_14		15.0	31.0	79.0	159.0	316.0	119.0	236.0	609.0	1197.0	2444.0	301.0	592.0	1485.0	2996.0	2350.0	20.0	38.0	97.0	199.0	394.0	13.0	29.0	71.0	151.0	300.0	106.0	211.0	546.0	1101.0	2206.0	272.0	537.0	1344.0	2710.0	2530.0	22.0	39.0	95.0	206.0	412.0	16.0	28.0	71.0	145.0	288.0	87.0	168.0	453.0	908.0	1823.0	303.0	628.0	1540.0	3183.0	2248.0	17.0	37.0	91.0	186.0	391.0
FAK1_569_581		4.0	5.0	15.0	34.0	63.0	23.0	53.0	133.0	262.0	553.0	57.0	121.0	291.0	588.0	1206.0	6.0	12.0	22.0	47.0	97.0	5.0	8.0	17.0	41.0	79.0	20.0	40.0	117.0	229.0	470.0	45.0	99.0	258.0	518.0	1019.0	3.0	8.0	20.0	41.0	93.0	1.0	7.0	13.0	31.0	74.0	18.0	34.0	102.0	206.0	404.0	58.0	122.0	294.0	608.0	1216.0	3.0	7.0	23.0	49.0	95.0
AKT1_320_332		4.0	9.0	19.0	39.0	104.0	18.0	45.0	111.0	230.0	487.0	46.0	96.0	248.0	497.0	989.0	4.0	5.0	16.0	34.0	66.0	4.0	5.0	16.0	37.0	82.0	19.0	40.0	105.0	210.0	407.0	39.0	79.0	215.0	420.0	851.0	3.0	8.0	17.0	40.0	69.0	5.0	8.0	14.0	27.0	58.0	16.0	27.0	86.0	173.0	347.0	48.0	99.0	248.0	515.0	1006.0	4.0	7.0	15.0	38.0	83.0
MK12_180_189_M182B		0.0	3.0	10.0	12.0	28.0	8.0	14.0	38.0	75.0	141.0	22.0	45.0	121.0	235.0	478.0	4.0	5.0	9.0	15.0	43.0	2.0	2.0	6.0	8.0	27.0	8.0	14.0	37.0	71.0	154.0	15.0	35.0	86.0	167.0	346.0	1.0	5.0	11.0	21.0	47.0	0.0	3.0	6.0	10.0	23.0	7.0	7.0	24.0	58.0	107.0	17.0	41.0	102.0	197.0	420.0	-1.0	3.0	8.0	12.0	33.0
MK14_177_187		0.0	5.0	10.0	22.0	58.0	3.0	7.0	19.0	35.0	65.0	8.0	15.0	42.0	88.0	178.0	2.0	2.0	3.0	4.0	9.0	-1.0	0.0	-4.0	-2.0	1.0	3.0	8.0	22.0	37.0	96.0	4.0	9.0	32.0	69.0	128.0	4.0	1.0	7.0	16.0	22.0	1.0	4.0	5.0	19.0	29.0	3.0	7.0	21.0	42.0	77.0	4.0	17.0	43.0	89.0	180.0	-1.0	0.0	4.0	9.0	34.0
PDCD1_221_229_FS219_220KK		1.0	6.0	19.0	38.0	78.0	12.0	32.0	85.0	173.0	335.0	38.0	74.0	191.0	378.0	793.0	3.0	5.0	5.0	15.0	34.0	2.0	3.0	6.0	21.0	41.0	11.0	29.0	76.0	161.0	321.0	22.0	54.0	133.0	280.0	549.0	3.0	6.0	11.0	26.0	50.0	4.0	4.0	7.0	14.0	30.0	11.0	22.0	56.0	132.0	246.0	36.0	72.0	179.0	369.0	734.0	2.0	7.0	8.0	28.0	48.0
PLCG1_777_789		2.0	3.0	3.0	8.0	33.0	1.0	2.0	0.0	2.0	2.0	1.0	1.0	9.0	7.0	14.0	2.0	-2.0	4.0	6.0	-2.0	1.0	1.0	-3.0	1.0	-13.0	1.0	0.0	-1.0	3.0	9.0	2.0	3.0	5.0	17.0	56.0	1.0	-1.0	-2.0	-1.0	-6.0	2.0	-1.0	1.0	9.0	14.0	1.0	-4.0	-1.0	-5.0	4.0	0.0	6.0	4.0	16.0	31.0	0.0	1.0	-5.0	0.0	-4.0
PLCG2_1211_1222_N1211K_N1212K		-1.0	-5.0	-8.0	-12.0	-37.0	3.0	5.0	14.0	30.0	59.0	11.0	18.0	46.0	101.0	181.0	0.0	0.0	0.0	-2.0	-8.0	1.0	-2.0	-3.0	0.0	-6.0	2.0	1.0	11.0	18.0	39.0	7.0	10.0	42.0	81.0	161.0	1.0	1.0	-3.0	-1.0	-4.0	1.0	2.0	1.0	4.0	8.0	0.0	4.0	6.0	22.0	31.0	11.0	24.0	59.0	113.0	239.0	-1.0	2.0	-7.0	0.0	-2.0
SHC1_309_321		-1.0	-3.0	-3.0	-1.0	-3.0	2.0	4.0	12.0	36.0	47.0	12.0	18.0	50.0	100.0	219.0	1.0	4.0	9.0	15.0	26.0	1.0	2.0	5.0	17.0	11.0	-1.0	5.0	4.0	16.0	18.0	7.0	16.0	47.0	91.0	190.0	3.0	1.0	8.0	23.0	25.0	1.0	1.0	3.0	8.0	23.0	0.0	2.0	10.0	23.0	49.0	15.0	28.0	65.0	136.0	260.0	1.0	2.0	5.0	13.0	36.0
SRC_524_536		-4.0	-4.0	-11.0	-24.0	-43.0	-2.0	-4.0	-6.0	-14.0	-36.0	-1.0	3.0	1.0	2.0	13.0	-1.0	-4.0	-7.0	-15.0	-36.0	-3.0	-5.0	-10.0	-20.0	-56.0	-1.0	-4.0	-10.0	-15.0	-33.0	-2.0	-3.0	-2.0	-5.0	-3.0	-2.0	-5.0	-9.0	-23.0	-38.0	-1.0	-4.0	-10.0	-12.0	-48.0	-1.0	-4.0	-9.0	-8.0	-23.0	-1.0	0.0	3.0	10.0	1.0	-3.0	-1.0	-8.0	-13.0	-27.0
TIE2_986_998		-1.0	-1.0	1.0	-3.0	-11.0	0.0	5.0	18.0	42.0	73.0	5.0	17.0	45.0	79.0	172.0	0.0	1.0	-1.0	-4.0	-6.0	-1.0	-1.0	-5.0	-8.0	-16.0	1.0	-1.0	8.0	16.0	30.0	3.0	8.0	20.0	44.0	105.0	2.0	0.0	0.0	-5.0	-4.0	-1.0	0.0	1.0	-6.0	-8.0	1.0	0.0	5.0	8.0	23.0	2.0	11.0	17.0	39.0	78.0	-1.0	1.0	2.0	6.0	6.0
VGFR1_1320_1332_C1320K/C1321K		-1.0	-5.0	-9.0	-19.0	-43.0	0.0	1.0	0.0	1.0	9.0	3.0	8.0	22.0	38.0	55.0	-2.0	-4.0	-4.0	-15.0	-25.0	2.0	-2.0	-12.0	-17.0	-52.0	-1.0	-2.0	-2.0	-8.0	-5.0	2.0	9.0	17.0	40.0	70.0	0.0	-1.0	-6.0	-6.0	-16.0	-1.0	-2.0	-5.0	-14.0	-32.0	-1.0	0.0	1.0	3.0	5.0	1.0	6.0	15.0	27.0	53.0	-4.0	-2.0	-5.0	-10.0	-11.0
STAT2_684_696		-1.0	-1.0	2.0	1.0	-9.0	2.0	3.0	5.0	12.0	33.0	12.0	22.0	53.0	112.0	213.0	3.0	6.0	13.0	26.0	51.0	3.0	5.0	10.0	25.0	50.0	1.0	4.0	1.0	11.0	15.0	11.0	18.0	51.0	84.0	180.0	3.0	5.0	14.0	28.0	59.0	2.0	8.0	12.0	12.0	48.0	0.0	5.0	8.0	14.0	36.0	10.0	22.0	66.0	144.0	287.0	2.0	5.0	16.0	33.0	68.0
41_654_666		29.0	54.0	141.0	279.0	552.0	167.0	339.0	853.0	1717.0	2859.0	347.0	703.0	1765.0	3265.0	2439.0	27.0	51.0	127.0	262.0	523.0	23.0	47.0	111.0	246.0	485.0	154.0	322.0	808.0	1616.0	2918.0	281.0	583.0	1468.0	2923.0	2664.0	28.0	54.0	134.0	281.0	561.0	24.0	51.0	122.0	255.0	490.0	121.0	241.0	636.0	1260.0	2527.0	294.0	623.0	1573.0	3149.0	2401.0	23.0	52.0	130.0	262.0	533.0
PAXI_24_36		32.0	67.0	164.0	329.0	658.0	282.0	566.0	1426.0	2872.0	2785.0	719.0	1433.0	3609.0	3122.0	2116.0	31.0	61.0	155.0	311.0	625.0	30.0	58.0	139.0	285.0	573.0	272.0	557.0	1399.0	2831.0	2876.0	641.0	1318.0	3306.0	3250.0	2379.0	34.0	68.0	170.0	361.0	725.0	29.0	57.0	139.0	289.0	590.0	213.0	424.0	1086.0	2209.0	3071.0	735.0	1522.0	3600.0	3106.0	2082.0	33.0	67.0	174.0	345.0	679.0
EPOR_419_431		4.0	10.0	23.0	47.0	115.0	65.0	128.0	327.0	638.0	1304.0	169.0	333.0	837.0	1722.0	2485.0	6.0	14.0	35.0	71.0	145.0	7.0	11.0	28.0	58.0	130.0	57.0	120.0	304.0	614.0	1240.0	152.0	313.0	806.0	1614.0	2691.0	8.0	11.0	28.0	61.0	123.0	4.0	11.0	28.0	55.0	116.0	48.0	96.0	243.0	483.0	964.0	182.0	380.0	926.0	1894.0	2444.0	9.0	15.0	40.0	82.0	173.0
BTLA_252_262		5.0	8.0	17.0	45.0	84.0	40.0	77.0	208.0	415.0	851.0	91.0	185.0	471.0	956.0	1910.0	7.0	12.0	31.0	63.0	126.0	3.0	8.0	23.0	55.0	109.0	28.0	67.0	170.0	345.0	706.0	73.0	153.0	383.0	797.0	1625.0	6.0	13.0	36.0	69.0	133.0	8.0	11.0	20.0	46.0	88.0	30.0	54.0	136.0	272.0	573.0	90.0	187.0	481.0	942.0	1922.0	6.0	12.0	36.0	70.0	137.0
PGFRB_771_783		3.0	9.0	15.0	39.0	70.0	28.0	65.0	157.0	324.0	654.0	88.0	176.0	459.0	883.0	1805.0	0.0	4.0	14.0	26.0	64.0	3.0	2.0	7.0	20.0	34.0	29.0	61.0	159.0	319.0	649.0	72.0	149.0	371.0	749.0	1517.0	4.0	7.0	13.0	34.0	68.0	2.0	6.0	14.0	22.0	46.0	20.0	46.0	115.0	223.0	450.0	77.0	164.0	407.0	842.0	1683.0	2.0	5.0	18.0	33.0	71.0
CTNB1_79_91		6.0	6.0	14.0	34.0	72.0	25.0	58.0	157.0	315.0	633.0	76.0	155.0	394.0	789.0	1612.0	3.0	6.0	17.0	32.0	59.0	4.0	2.0	6.0	7.0	13.0	25.0	56.0	142.0	283.0	569.0	63.0	126.0	334.0	673.0	1362.0	1.0	2.0	18.0	37.0	62.0	2.0	3.0	13.0	22.0	50.0	21.0	42.0	103.0	216.0	431.0	71.0	147.0	386.0	760.0	1515.0	6.0	4.0	9.0	25.0	60.0
PGFRB_768_780		4.0	12.0	21.0	46.0	95.0	43.0	89.0	221.0	448.0	888.0	111.0	224.0	562.0	1151.0	2296.0	3.0	9.0	17.0	43.0	90.0	6.0	8.0	22.0	52.0	96.0	43.0	84.0	215.0	427.0	871.0	90.0	183.0	471.0	952.0	1892.0	4.0	10.0	22.0	47.0	91.0	4.0	7.0	20.0	37.0	87.0	32.0	60.0	158.0	310.0	630.0	109.0	228.0	576.0	1176.0	2356.0	2.0	8.0	22.0	49.0	115.0
DCX_67_79		6.0	11.0	32.0	56.0	119.0	22.0	47.0	109.0	229.0	493.0	61.0	118.0	303.0	618.0	1244.0	8.0	15.0	44.0	90.0	158.0	6.0	12.0	35.0	74.0	150.0	18.0	47.0	118.0	245.0	479.0	51.0	100.0	267.0	533.0	1102.0	7.0	14.0	37.0	78.0	178.0	5.0	13.0	31.0	60.0	131.0	16.0	30.0	83.0	180.0	351.0	58.0	121.0	306.0	630.0	1245.0	6.0	17.0	41.0	86.0	172.0
NTRK2_696_708		10.0	19.0	50.0	99.0	200.0	60.0	126.0	321.0	653.0	1316.0	157.0	324.0	808.0	1633.0	2497.0	9.0	19.0	44.0	89.0	177.0	8.0	18.0	43.0	84.0	171.0	63.0	122.0	314.0	632.0	1256.0	135.0	270.0	704.0	1410.0	2640.0	10.0	23.0	52.0	110.0	222.0	8.0	14.0	44.0	74.0	163.0	48.0	93.0	235.0	464.0	950.0	148.0	317.0	777.0	1571.0	2557.0	12.0	18.0	49.0	105.0	209.0
DYR1A_312_324		-1.0	-1.0	0.0	-3.0	-13.0	6.0	17.0	49.0	95.0	216.0	28.0	65.0	151.0	301.0	626.0	2.0	1.0	3.0	12.0	29.0	1.0	3.0	6.0	17.0	21.0	5.0	13.0	36.0	77.0	151.0	19.0	43.0	112.0	234.0	475.0	0.0	3.0	4.0	9.0	15.0	2.0	0.0	0.0	2.0	11.0	7.0	11.0	25.0	67.0	129.0	22.0	57.0	145.0	299.0	610.0	2.0	1.0	8.0	6.0	28.0
PTN11_541_551		-1.0	-1.0	-4.0	-6.0	-23.0	2.0	9.0	21.0	48.0	96.0	14.0	28.0	86.0	170.0	359.0	-2.0	-1.0	3.0	8.0	25.0	1.0	1.0	7.0	19.0	35.0	2.0	6.0	31.0	53.0	89.0	9.0	23.0	65.0	127.0	251.0	0.0	2.0	6.0	18.0	28.0	3.0	3.0	7.0	15.0	31.0	5.0	11.0	22.0	46.0	88.0	14.0	32.0	75.0	141.0	303.0	1.0	2.0	8.0	6.0	24.0
LAT_194_206		2.0	1.0	5.0	12.0	23.0	11.0	21.0	75.0	142.0	280.0	41.0	75.0	205.0	401.0	825.0	1.0	3.0	10.0	14.0	36.0	1.0	-1.0	-7.0	-10.0	-26.0	7.0	21.0	67.0	135.0	257.0	32.0	60.0	171.0	333.0	663.0	3.0	4.0	8.0	27.0	52.0	-1.0	1.0	-3.0	2.0	2.0	7.0	15.0	42.0	89.0	177.0	25.0	64.0	171.0	333.0	661.0	4.0	4.0	11.0	26.0	47.0
VGFR1_1040_1052		1.0	1.0	2.0	7.0	24.0	6.0	17.0	56.0	108.0	217.0	26.0	54.0	141.0	269.0	559.0	1.0	1.0	6.0	11.0	17.0	2.0	2.0	2.0	13.0	16.0	7.0	20.0	56.0	109.0	219.0	18.0	43.0	111.0	218.0	448.0	2.0	4.0	7.0	16.0	48.0	2.0	4.0	10.0	12.0	41.0	6.0	16.0	39.0	78.0	155.0	21.0	50.0	126.0	254.0	520.0	1.0	4.0	8.0	21.0	40.0
EGFR_1103_1115		3.0	4.0	11.0	26.0	64.0	30.0	60.0	157.0	318.0	610.0	74.0	156.0	378.0	776.0	1538.0	2.0	8.0	17.0	34.0	67.0	2.0	2.0	4.0	28.0	32.0	29.0	62.0	162.0	315.0	625.0	64.0	132.0	336.0	679.0	1332.0	1.0	7.0	14.0	35.0	76.0	4.0	4.0	11.0	17.0	61.0	19.0	45.0	118.0	231.0	481.0	72.0	152.0	369.0	753.0	1555.0	5.0	5.0	15.0	32.0	57.0
CD3Z_135_147		1.0	7.0	14.0	33.0	45.0	38.0	76.0	193.0	393.0	795.0	92.0	189.0	488.0	968.0	1984.0	3.0	9.0	18.0	50.0	94.0	2.0	3.0	9.0	17.0	25.0	32.0	67.0	165.0	354.0	693.0	72.0	140.0	367.0	737.0	1494.0	3.0	7.0	15.0	41.0	82.0	0.0	6.0	9.0	25.0	70.0	22.0	52.0	130.0	264.0	523.0	80.0	172.0	430.0	865.0	1743.0	2.0	6.0	13.0	25.0	68.0
PTN11_580_590		12.0	14.0	37.0	74.0	151.0	62.0	120.0	309.0	619.0	1242.0	159.0	316.0	803.0	1595.0	2558.0	8.0	14.0	36.0	75.0	159.0	4.0	12.0	25.0	53.0	110.0	59.0	121.0	300.0	616.0	1214.0	135.0	272.0	680.0	1384.0	2761.0	8.0	19.0	38.0	84.0	175.0	6.0	12.0	34.0	66.0	132.0	42.0	83.0	213.0	434.0	853.0	163.0	330.0	820.0	1696.0	2463.0	9.0	20.0	49.0	93.0	200.0
MPZL1_235_246_H235K_Q236K		6.0	9.0	21.0	49.0	98.0	50.0	91.0	235.0	478.0	944.0	106.0	220.0	569.0	1122.0	2298.0	8.0	15.0	41.0	75.0	146.0	5.0	11.0	24.0	54.0	113.0	42.0	85.0	220.0	443.0	875.0	95.0	195.0	485.0	963.0	1955.0	4.0	14.0	35.0	71.0	139.0	5.0	11.0	24.0	56.0	114.0	34.0	68.0	172.0	352.0	722.0	116.0	236.0	595.0	1217.0	2415.0	6.0	14.0	39.0	79.0	162.0
IRS1_890_902_P890K		3.0	0.0	8.0	8.0	26.0	9.0	8.0	25.0	58.0	116.0	10.0	24.0	65.0	140.0	283.0	0.0	2.0	2.0	3.0	15.0	1.0	0.0	2.0	-2.0	3.0	1.0	8.0	18.0	38.0	78.0	9.0	17.0	48.0	106.0	195.0	3.0	1.0	3.0	12.0	15.0	-1.0	1.0	1.0	5.0	5.0	0.0	1.0	9.0	23.0	43.0	10.0	22.0	82.0	161.0	293.0	1.0	3.0	1.0	12.0	19.0
VGFR2_1168_1180		-1.0	-2.0	-4.0	-12.0	-4.0	12.0	21.0	58.0	116.0	223.0	23.0	56.0	144.0	289.0	602.0	1.0	0.0	3.0	13.0	26.0	-1.0	-2.0	-3.0	-8.0	-25.0	9.0	19.0	56.0	114.0	246.0	20.0	42.0	119.0	240.0	476.0	2.0	3.0	9.0	13.0	30.0	-1.0	1.0	0.0	-2.0	-5.0	5.0	11.0	38.0	76.0	156.0	25.0	57.0	148.0	293.0	570.0	2.0	3.0	8.0	15.0	32.0
FGFR1_761_773		0.0	1.0	4.0	10.0	14.0	3.0	5.0	15.0	43.0	100.0	12.0	20.0	66.0	140.0	277.0	-1.0	0.0	-5.0	-4.0	-19.0	0.0	-2.0	-2.0	-6.0	-13.0	5.0	10.0	28.0	69.0	127.0	6.0	14.0	57.0	118.0	244.0	1.0	2.0	-4.0	2.0	7.0	-2.0	-2.0	1.0	1.0	-4.0	2.0	3.0	19.0	42.0	95.0	8.0	17.0	69.0	133.0	280.0	0.0	2.0	2.0	7.0	6.0
LCK_387_399		14.0	25.0	69.0	122.0	264.0	96.0	190.0	501.0	993.0	2007.0	228.0	457.0	1152.0	2324.0	2527.0	10.0	19.0	51.0	106.0	204.0	9.0	19.0	45.0	95.0	201.0	85.0	181.0	443.0	906.0	1799.0	194.0	394.0	1004.0	2054.0	2744.0	11.0	26.0	59.0	121.0	243.0	7.0	18.0	41.0	92.0	181.0	70.0	134.0	347.0	703.0	1415.0	218.0	458.0	1139.0	2294.0	2556.0	10.0	21.0	49.0	111.0	222.0
JAK1_1027_1039		14.0	22.0	60.0	123.0	244.0	110.0	213.0	550.0	1091.0	2226.0	273.0	542.0	1349.0	2712.0	2483.0	9.0	23.0	57.0	112.0	231.0	8.0	18.0	43.0	95.0	183.0	91.0	190.0	488.0	988.0	1960.0	221.0	464.0	1144.0	2305.0	2693.0	13.0	24.0	54.0	116.0	229.0	8.0	21.0	47.0	96.0	189.0	74.0	149.0	391.0	792.0	1575.0	252.0	509.0	1269.0	2582.0	2507.0	13.0	25.0	60.0	135.0	258.0
MET_1227_1239		9.0	13.0	42.0	86.0	169.0	68.0	137.0	343.0	690.0	1373.0	170.0	346.0	868.0	1748.0	2485.0	9.0	16.0	39.0	74.0	157.0	7.0	15.0	36.0	70.0	140.0	59.0	122.0	315.0	623.0	1256.0	136.0	279.0	706.0	1421.0	2644.0	9.0	20.0	42.0	93.0	189.0	5.0	12.0	31.0	63.0	129.0	46.0	93.0	236.0	495.0	996.0	145.0	299.0	758.0	1539.0	2574.0	10.0	19.0	47.0	97.0	190.0
YES_420_432		12.0	24.0	60.0	112.0	230.0	100.0	196.0	496.0	985.0	2019.0	209.0	443.0	1090.0	2215.0	2469.0	10.0	20.0	52.0	97.0	201.0	9.0	18.0	42.0	83.0	170.0	81.0	170.0	435.0	858.0	1731.0	187.0	389.0	986.0	1994.0	2674.0	7.0	19.0	46.0	94.0	194.0	6.0	14.0	39.0	76.0	164.0	62.0	127.0	329.0	645.0	1320.0	211.0	437.0	1092.0	2221.0	2511.0	12.0	16.0	53.0	114.0	220.0
PGFRB_709_721		2.0	7.0	11.0	30.0	52.0	30.0	63.0	160.0	327.0	646.0	94.0	183.0	471.0	948.0	1907.0	4.0	7.0	23.0	50.0	93.0	0.0	5.0	9.0	29.0	49.0	29.0	64.0	153.0	316.0	641.0	76.0	162.0	407.0	822.0	1651.0	4.0	9.0	20.0	46.0	90.0	2.0	5.0	16.0	32.0	62.0	19.0	46.0	120.0	235.0	489.0	81.0	174.0	421.0	851.0	1746.0	4.0	11.0	19.0	53.0	99.0
PRRX2_202_214		8.0	9.0	26.0	61.0	131.0	47.0	89.0	239.0	473.0	959.0	126.0	259.0	661.0	1324.0	2617.0	4.0	10.0	32.0	63.0	130.0	7.0	7.0	14.0	43.0	83.0	42.0	89.0	226.0	466.0	941.0	112.0	229.0	565.0	1147.0	2307.0	8.0	14.0	33.0	79.0	158.0	3.0	9.0	14.0	46.0	100.0	33.0	70.0	178.0	359.0	712.0	110.0	229.0	575.0	1159.0	2369.0	9.0	15.0	35.0	73.0	146.0
NCF1_313_325		1.0	4.0	16.0	34.0	64.0	11.0	15.0	48.0	97.0	204.0	21.0	44.0	113.0	225.0	450.0	5.0	11.0	25.0	54.0	104.0	4.0	11.0	33.0	59.0	130.0	4.0	13.0	40.0	86.0	169.0	16.0	40.0	89.0	181.0	368.0	6.0	11.0	27.0	59.0	118.0	6.0	12.0	24.0	58.0	104.0	5.0	12.0	29.0	62.0	121.0	22.0	45.0	108.0	206.0	445.0	6.0	13.0	24.0	61.0	112.0
TYRO3_679_691		2.0	0.0	7.0	26.0	37.0	17.0	26.0	75.0	162.0	328.0	29.0	60.0	159.0	314.0	624.0	-2.0	6.0	16.0	28.0	53.0	3.0	3.0	11.0	19.0	38.0	10.0	26.0	72.0	144.0	280.0	24.0	50.0	135.0	267.0	547.0	2.0	2.0	10.0	22.0	39.0	1.0	6.0	6.0	14.0	22.0	9.0	19.0	53.0	106.0	240.0	28.0	63.0	152.0	314.0	620.0	3.0	4.0	7.0	33.0	38.0
ART_003_EAI(pY)AAPFAKKKXC		366.0	721.0	1807.0	3550.0	2998.0	301.0	572.0	1419.0	2950.0	2813.0	245.0	491.0	1245.0	2508.0	2551.0	326.0	638.0	1616.0	3241.0	3170.0	345.0	697.0	1743.0	3435.0	3056.0	293.0	595.0	1538.0	3019.0	2858.0	228.0	464.0	1184.0	2369.0	2741.0	323.0	652.0	1669.0	3336.0	3100.0	318.0	665.0	1654.0	3190.0	3122.0	284.0	561.0	1419.0	2826.0	3022.0	223.0	471.0	1182.0	2363.0	2549.0	325.0	661.0	1629.0	3273.0	3185.0