BioNavigator Version	6.3.67.0	PamGrid Version	QuantitationType	Median_SigmBg	Protocol file name	Image Analysis_STKDate	Thu, 02 Sep 2021 12:24:39 GMT
	Barcode	710373410	710373410	710373410	710373410	710373410	710373410	710373410	710373410	710373410	710373410	710373410	710373410	710373410	710373410	710373410	710373410	710373410	710373410	710373410	710373410	710373505	710373505	710373505	710373505	710373505	710373505	710373505	710373505	710373505	710373505	710373505	710373505	710373505	710373505	710373505	710373505	710373505	710373505	710373505	710373505	710373507	710373507	710373507	710373507	710373507	710373507	710373507	710373507	710373507	710373507	710373507	710373507	710373507	710373507	710373507	710373507	710373507	710373507	710373507	710373507
	Exposure time	10.0	20.0	50.0	100.0	200.0	10.0	20.0	50.0	100.0	200.0	10.0	20.0	50.0	100.0	200.0	10.0	20.0	50.0	100.0	200.0	10.0	20.0	50.0	100.0	200.0	10.0	20.0	50.0	100.0	200.0	10.0	20.0	50.0	100.0	200.0	10.0	20.0	50.0	100.0	200.0	10.0	20.0	50.0	100.0	200.0	10.0	20.0	50.0	100.0	200.0	10.0	20.0	50.0	100.0	200.0	10.0	20.0	50.0	100.0	200.0
	Array	A1	A1	A1	A1	A1	A2	A2	A2	A2	A2	A3	A3	A3	A3	A3	A4	A4	A4	A4	A4	A1	A1	A1	A1	A1	A2	A2	A2	A2	A2	A3	A3	A3	A3	A3	A4	A4	A4	A4	A4	A1	A1	A1	A1	A1	A2	A2	A2	A2	A2	A3	A3	A3	A3	A3	A4	A4	A4	A4	A4
	Sample name	021-N	021-N	021-N	021-N	021-N	F034A-N-S	F034A-N-S	F034A-N-S	F034A-N-S	F034A-N-S	021-N-S	021-N-S	021-N-S	021-N-S	021-N-S	F034A-N	F034A-N	F034A-N	F034A-N	F034A-N	03-N	03-N	03-N	03-N	03-N	F3020A-N-S	F3020A-N-S	F3020A-N-S	F3020A-N-S	F3020A-N-S	03-N-S	03-N-S	03-N-S	03-N-S	03-N-S	F020A-N	F020A-N	F020A-N	F020A-N	F020A-N	09-N	09-N	09-N	09-N	09-N	F033K-N-S	F033K-N-S	F033K-N-S	F033K-N-S	F033K-N-S	09-N-S	09-N-S	09-N-S	09-N-S	09-N-S	F033K-N	F033K-N	F033K-N	F033K-N	F033K-N
	Cycle	124	124	124	124	124	124	124	124	124	124	124	124	124	124	124	124	124	124	124	124	124	124	124	124	124	124	124	124	124	124	124	124	124	124	124	124	124	124	124	124	124	124	124	124	124	124	124	124	124	124	124	124	124	124	124	124	124	124	124	124
ID
#REF		76.0	141.0	368.0	724.0	1460.0	82.0	162.0	380.0	751.0	1477.0	73.0	159.0	402.0	811.0	1588.0	82.0	172.0	425.0	845.0	1681.0	85.0	172.0	426.0	843.0	1667.0	87.0	173.0	439.0	862.0	1707.0	89.0	179.0	453.0	896.0	1791.0	90.0	177.0	440.0	890.0	1759.0	83.0	169.0	425.0	817.0	1673.0	84.0	169.0	407.0	822.0	1610.0	82.0	165.0	399.0	822.0	1655.0	85.0	162.0	419.0	820.0	1620.0
#REF		77.0	156.0	387.0	765.0	1510.0	79.0	157.0	395.0	774.0	1528.0	79.0	160.0	395.0	801.0	1551.0	91.0	167.0	434.0	826.0	1721.0	88.0	168.0	433.0	843.0	1694.0	90.0	179.0	444.0	868.0	1741.0	81.0	168.0	412.0	819.0	1635.0	92.0	180.0	451.0	913.0	1785.0	85.0	173.0	410.0	815.0	1670.0	83.0	176.0	419.0	832.0	1636.0	84.0	172.0	431.0	845.0	1698.0	81.0	168.0	414.0	838.0	1637.0
#REF		79.0	160.0	395.0	773.0	1530.0	81.0	164.0	383.0	781.0	1494.0	86.0	160.0	421.0	818.0	1643.0	91.0	179.0	447.0	883.0	1754.0	86.0	176.0	428.0	854.0	1697.0	87.0	178.0	435.0	865.0	1711.0	91.0	182.0	447.0	893.0	1769.0	89.0	177.0	434.0	863.0	1723.0	85.0	162.0	416.0	840.0	1667.0	86.0	168.0	421.0	824.0	1746.0	84.0	171.0	420.0	838.0	1651.0	85.0	178.0	423.0	852.0	1689.0
#REF		76.0	150.0	374.0	745.0	1482.0	81.0	161.0	411.0	806.0	1584.0	79.0	160.0	399.0	788.0	1550.0	82.0	167.0	417.0	826.0	1652.0	87.0	176.0	445.0	880.0	1726.0	89.0	174.0	438.0	886.0	1728.0	93.0	181.0	450.0	892.0	1780.0	93.0	185.0	448.0	906.0	1806.0	86.0	168.0	415.0	821.0	1640.0	83.0	161.0	410.0	810.0	1629.0	87.0	167.0	417.0	846.0	1662.0	84.0	168.0	427.0	850.0	1668.0
#REF		85.0	178.0	426.0	853.0	1693.0	94.0	192.0	454.0	937.0	1882.0	101.0	199.0	493.0	993.0	1951.0	102.0	203.0	501.0	985.0	1946.0	108.0	199.0	541.0	1070.0	2129.0	107.0	212.0	528.0	1029.0	2056.0	112.0	224.0	559.0	1105.0	2164.0	114.0	223.0	562.0	1113.0	2204.0	98.0	200.0	500.0	981.0	1956.0	98.0	195.0	476.0	951.0	1894.0	94.0	187.0	456.0	918.0	1828.0	96.0	197.0	493.0	979.0	1974.0
#REF		86.0	175.0	428.0	843.0	1695.0	91.0	188.0	468.0	928.0	1852.0	99.0	197.0	494.0	975.0	1945.0	95.0	190.0	477.0	944.0	1855.0	111.0	216.0	536.0	1066.0	2099.0	101.0	206.0	506.0	1004.0	1994.0	110.0	213.0	529.0	1074.0	2088.0	107.0	219.0	550.0	1097.0	2177.0	98.0	198.0	492.0	979.0	1928.0	94.0	187.0	463.0	914.0	1843.0	91.0	175.0	437.0	870.0	1744.0	95.0	195.0	486.0	956.0	1915.0
#REF		92.0	189.0	453.0	914.0	1833.0	97.0	190.0	478.0	953.0	1934.0	102.0	200.0	499.0	982.0	1930.0	101.0	209.0	507.0	1026.0	1986.0	109.0	225.0	538.0	1108.0	2213.0	111.0	215.0	532.0	1061.0	2090.0	117.0	219.0	551.0	1092.0	2180.0	110.0	223.0	554.0	1105.0	2181.0	101.0	196.0	485.0	995.0	1955.0	102.0	200.0	510.0	1020.0	2001.0	99.0	196.0	491.0	982.0	1969.0	100.0	202.0	499.0	992.0	1967.0
#REF		95.0	179.0	459.0	897.0	1817.0	97.0	192.0	467.0	934.0	1852.0	98.0	204.0	520.0	1026.0	2026.0	104.0	199.0	493.0	1003.0	1943.0	110.0	212.0	535.0	1040.0	2068.0	103.0	207.0	506.0	1004.0	2004.0	116.0	217.0	539.0	1069.0	2140.0	109.0	221.0	553.0	1100.0	2179.0	98.0	199.0	489.0	980.0	1940.0	98.0	204.0	497.0	1000.0	1960.0	106.0	204.0	512.0	1014.0	1986.0	101.0	202.0	502.0	1007.0	1992.0
pTY3H_64_78		83.0	163.0	401.0	812.0	1638.0	93.0	179.0	457.0	918.0	1811.0	35.0	76.0	195.0	392.0	777.0	37.0	73.0	188.0	372.0	733.0	174.0	336.0	835.0	1670.0	3216.0	174.0	349.0	864.0	1719.0	3363.0	174.0	340.0	852.0	1687.0	3311.0	152.0	298.0	741.0	1484.0	2931.0	176.0	356.0	859.0	1729.0	3371.0	153.0	291.0	744.0	1460.0	2864.0	144.0	283.0	706.0	1403.0	2731.0	123.0	245.0	615.0	1214.0	2403.0
ATF2_47_59		0.0	1.0	-1.0	-2.0	-7.0	-1.0	-1.0	-4.0	-1.0	-4.0	-1.0	-2.0	0.0	1.0	-1.0	0.0	0.0	1.0	2.0	3.0	0.0	-2.0	-3.0	-8.0	-12.0	-1.0	-2.0	-1.0	-3.0	-6.0	0.0	-1.0	-2.0	-2.0	-1.0	-1.0	0.0	0.0	0.0	-4.0	0.0	-2.0	-4.0	-9.0	-14.0	0.0	0.0	-2.0	-2.0	-2.0	1.0	0.0	-1.0	-4.0	-9.0	2.0	0.0	-1.0	-1.0	-4.0
CDN1A_139_151		54.0	109.0	275.0	552.0	1090.0	50.0	106.0	266.0	526.0	1045.0	26.0	52.0	124.0	255.0	505.0	20.0	38.0	95.0	194.0	385.0	123.0	231.0	594.0	1173.0	2293.0	134.0	271.0	660.0	1290.0	2561.0	128.0	249.0	621.0	1216.0	2420.0	98.0	198.0	487.0	978.0	1915.0	137.0	266.0	649.0	1286.0	2558.0	96.0	196.0	483.0	966.0	1913.0	91.0	180.0	451.0	899.0	1766.0	73.0	147.0	365.0	734.0	1459.0
FIBA_569_581		1.0	1.0	0.0	2.0	12.0	0.0	1.0	0.0	4.0	5.0	0.0	1.0	3.0	4.0	6.0	0.0	0.0	2.0	5.0	5.0	1.0	-1.0	0.0	5.0	11.0	-1.0	1.0	0.0	5.0	9.0	2.0	1.0	4.0	5.0	13.0	2.0	1.0	2.0	4.0	14.0	0.0	2.0	3.0	2.0	16.0	-1.0	0.0	2.0	5.0	9.0	2.0	1.0	2.0	7.0	12.0	0.0	1.0	1.0	3.0	10.0
IKKB_173_185_C179A		0.0	0.0	1.0	2.0	1.0	-1.0	1.0	0.0	2.0	3.0	-1.0	-2.0	0.0	1.0	2.0	0.0	0.0	1.0	1.0	2.0	0.0	0.0	0.0	1.0	-1.0	-1.0	0.0	-1.0	0.0	-2.0	0.0	0.0	0.0	2.0	1.0	0.0	1.0	0.0	0.0	0.0	-1.0	-1.0	-1.0	0.0	-3.0	0.0	1.0	0.0	-1.0	2.0	1.0	1.0	0.0	0.0	1.0	1.0	0.0	2.0	1.0	2.0
LIPS_944_956		8.0	17.0	45.0	82.0	163.0	6.0	10.0	24.0	48.0	92.0	4.0	11.0	23.0	50.0	100.0	2.0	4.0	13.0	28.0	52.0	26.0	52.0	134.0	263.0	530.0	26.0	53.0	131.0	260.0	537.0	24.0	46.0	121.0	238.0	466.0	20.0	38.0	99.0	200.0	393.0	27.0	49.0	124.0	242.0	491.0	15.0	27.0	65.0	135.0	265.0	15.0	28.0	66.0	136.0	272.0	6.0	17.0	44.0	90.0	174.0
MYBB_513_525		0.0	1.0	1.0	1.0	1.0	1.0	0.0	1.0	1.0	1.0	0.0	0.0	-1.0	0.0	3.0	0.0	1.0	2.0	0.0	3.0	1.0	1.0	0.0	-2.0	-1.0	-1.0	1.0	1.0	-1.0	-3.0	1.0	-2.0	-1.0	-1.0	0.0	2.0	0.0	1.0	-1.0	1.0	0.0	-1.0	-1.0	1.0	-1.0	-1.0	1.0	1.0	2.0	2.0	1.0	0.0	0.0	1.0	1.0	0.0	-2.0	0.0	1.0	-1.0
PLEK_106_118		4.0	13.0	28.0	60.0	119.0	3.0	5.0	17.0	33.0	67.0	3.0	7.0	16.0	33.0	66.0	3.0	5.0	10.0	20.0	42.0	10.0	19.0	53.0	103.0	221.0	8.0	18.0	48.0	101.0	195.0	10.0	18.0	51.0	100.0	202.0	10.0	20.0	48.0	98.0	194.0	10.0	19.0	52.0	106.0	209.0	6.0	12.0	35.0	71.0	142.0	6.0	13.0	32.0	63.0	127.0	6.0	13.0	32.0	65.0	128.0
RBL2_632_644		0.0	1.0	0.0	2.0	5.0	2.0	0.0	2.0	2.0	3.0	0.0	-1.0	2.0	3.0	4.0	0.0	1.0	0.0	2.0	3.0	0.0	0.0	3.0	2.0	0.0	-1.0	1.0	-1.0	0.0	2.0	0.0	2.0	0.0	2.0	0.0	1.0	1.0	1.0	1.0	0.0	-1.0	1.0	0.0	1.0	2.0	1.0	0.0	1.0	1.0	6.0	0.0	1.0	0.0	1.0	2.0	0.0	-1.0	2.0	2.0	3.0
VIGLN_289_301		1.0	1.0	-1.0	0.0	1.0	0.0	1.0	1.0	2.0	1.0	0.0	0.0	-2.0	2.0	3.0	2.0	0.0	1.0	2.0	4.0	-2.0	-1.0	-5.0	-7.0	-16.0	-2.0	0.0	0.0	-1.0	4.0	-1.0	-1.0	-2.0	-1.0	-1.0	0.0	0.0	0.0	1.0	5.0	1.0	0.0	-1.0	0.0	3.0	2.0	3.0	5.0	7.0	11.0	-2.0	-2.0	-1.0	1.0	-4.0	0.0	0.0	1.0	0.0	3.0
GRIK2_708_720		38.0	74.0	188.0	369.0	746.0	26.0	53.0	131.0	263.0	523.0	18.0	33.0	94.0	186.0	375.0	10.0	20.0	53.0	101.0	205.0	115.0	224.0	574.0	1132.0	2217.0	113.0	228.0	549.0	1103.0	2157.0	106.0	212.0	526.0	1045.0	2061.0	97.0	194.0	480.0	944.0	1866.0	110.0	218.0	538.0	1056.0	2086.0	66.0	136.0	349.0	707.0	1383.0	72.0	141.0	349.0	701.0	1386.0	50.0	97.0	244.0	490.0	957.0
RADI_559_569		0.0	0.0	-2.0	1.0	1.0	0.0	0.0	1.0	2.0	5.0	-1.0	1.0	1.0	3.0	2.0	1.0	1.0	1.0	1.0	5.0	0.0	-3.0	0.0	-6.0	-3.0	0.0	-1.0	0.0	3.0	7.0	1.0	1.0	2.0	3.0	4.0	0.0	-1.0	0.0	4.0	5.0	0.0	-2.0	-1.0	0.0	2.0	0.0	-2.0	0.0	2.0	4.0	1.0	0.0	0.0	3.0	5.0	0.0	-1.0	2.0	2.0	2.0
ACM1_421_433		0.0	-1.0	-1.0	2.0	6.0	0.0	1.0	0.0	2.0	8.0	1.0	2.0	1.0	3.0	4.0	0.0	1.0	-2.0	0.0	6.0	1.0	2.0	3.0	6.0	16.0	0.0	0.0	3.0	4.0	12.0	2.0	1.0	6.0	13.0	27.0	1.0	-1.0	4.0	8.0	16.0	0.0	1.0	4.0	1.0	12.0	0.0	-1.0	-2.0	6.0	10.0	0.0	0.0	1.0	5.0	13.0	-1.0	0.0	2.0	3.0	9.0
ATM_1972_1984		0.0	-1.0	-1.0	-1.0	1.0	1.0	1.0	-2.0	-1.0	0.0	0.0	-1.0	0.0	2.0	4.0	0.0	1.0	0.0	2.0	1.0	1.0	1.0	-2.0	-1.0	-3.0	0.0	-2.0	1.0	-2.0	-2.0	-2.0	-2.0	-1.0	-1.0	0.0	-1.0	-1.0	0.0	-1.0	-1.0	1.0	-1.0	0.0	-1.0	-2.0	-1.0	-1.0	-4.0	-2.0	-2.0	1.0	0.0	0.0	0.0	-3.0	1.0	0.0	1.0	0.0	1.0
CDN1B_151_163		-1.0	-1.0	0.0	1.0	-2.0	-1.0	-1.0	-2.0	0.0	-1.0	1.0	1.0	0.0	2.0	1.0	0.0	-1.0	0.0	0.0	2.0	-2.0	-4.0	-2.0	-6.0	-18.0	-1.0	1.0	-1.0	-3.0	2.0	0.0	-1.0	-4.0	-1.0	-5.0	0.0	1.0	0.0	0.0	3.0	-1.0	-1.0	-3.0	-2.0	-4.0	-3.0	0.0	1.0	0.0	-2.0	-2.0	-2.0	-1.0	-4.0	4.0	-1.0	0.0	-3.0	-2.0	2.0
FOXO3_25_37		2.0	3.0	7.0	16.0	27.0	2.0	5.0	9.0	19.0	43.0	1.0	0.0	-1.0	11.0	20.0	2.0	2.0	4.0	10.0	22.0	3.0	4.0	13.0	27.0	54.0	3.0	6.0	17.0	31.0	63.0	4.0	5.0	15.0	33.0	66.0	4.0	4.0	14.0	27.0	58.0	4.0	6.0	15.0	30.0	66.0	2.0	5.0	15.0	30.0	61.0	4.0	5.0	13.0	25.0	52.0	2.0	6.0	12.0	23.0	46.0
IKKB_686_698		1.0	-1.0	0.0	1.0	-1.0	-1.0	-1.0	1.0	0.0	2.0	0.0	1.0	-1.0	-1.0	1.0	1.0	-1.0	-1.0	-2.0	0.0	-2.0	2.0	6.0	12.0	18.0	-1.0	-1.0	-1.0	-1.0	-2.0	0.0	-1.0	-1.0	0.0	-2.0	0.0	0.0	-1.0	0.0	-1.0	0.0	1.0	-1.0	-1.0	-2.0	-1.0	0.0	-1.0	-1.0	-1.0	1.0	0.0	0.0	-2.0	1.0	0.0	-1.0	0.0	0.0	1.0
LMNA_192_204		1.0	0.0	1.0	3.0	6.0	1.0	0.0	1.0	2.0	4.0	0.0	1.0	1.0	3.0	7.0	2.0	0.0	1.0	3.0	4.0	2.0	0.0	1.0	0.0	6.0	0.0	1.0	2.0	2.0	10.0	1.0	0.0	1.0	2.0	5.0	1.0	0.0	2.0	4.0	7.0	-1.0	1.0	3.0	6.0	7.0	-2.0	1.0	4.0	3.0	3.0	0.0	0.0	1.0	2.0	6.0	1.0	1.0	3.0	0.0	5.0
MYC_51_63		0.0	1.0	0.0	1.0	1.0	-1.0	0.0	0.0	0.0	4.0	1.0	-1.0	1.0	0.0	1.0	0.0	-1.0	1.0	2.0	3.0	1.0	0.0	-1.0	0.0	-3.0	-2.0	-2.0	0.0	-3.0	-3.0	1.0	0.0	2.0	1.0	1.0	1.0	-1.0	-2.0	2.0	2.0	-1.0	0.0	-1.0	0.0	-1.0	0.0	0.0	0.0	0.0	4.0	0.0	0.0	0.0	2.0	2.0	1.0	-1.0	0.0	0.0	5.0
PP2AB_297_309		1.0	0.0	0.0	2.0	4.0	-1.0	0.0	3.0	4.0	5.0	-1.0	1.0	1.0	3.0	5.0	1.0	1.0	3.0	3.0	6.0	0.0	1.0	2.0	4.0	11.0	1.0	-1.0	1.0	1.0	6.0	2.0	0.0	2.0	5.0	8.0	0.0	0.0	1.0	3.0	7.0	1.0	1.0	2.0	5.0	12.0	1.0	-1.0	2.0	6.0	9.0	0.0	0.0	3.0	4.0	8.0	0.0	2.0	2.0	4.0	8.0
RBL2_655_667		2.0	1.0	9.0	13.0	24.0	0.0	-1.0	3.0	8.0	13.0	1.0	2.0	7.0	11.0	26.0	0.0	1.0	2.0	3.0	8.0	3.0	5.0	10.0	20.0	39.0	2.0	2.0	9.0	20.0	37.0	2.0	3.0	10.0	18.0	38.0	3.0	5.0	9.0	21.0	39.0	2.0	4.0	9.0	17.0	37.0	0.0	2.0	6.0	11.0	18.0	1.0	3.0	7.0	11.0	23.0	0.0	3.0	5.0	11.0	20.0
YAP1_121_133		0.0	2.0	0.0	1.0	6.0	1.0	0.0	1.0	3.0	3.0	0.0	1.0	0.0	4.0	4.0	1.0	2.0	1.0	3.0	4.0	-1.0	1.0	2.0	1.0	2.0	-1.0	-1.0	1.0	1.0	-3.0	0.0	1.0	1.0	2.0	5.0	-1.0	1.0	2.0	2.0	6.0	0.0	0.0	2.0	1.0	1.0	1.0	1.0	2.0	2.0	4.0	0.0	0.0	2.0	4.0	6.0	1.0	0.0	1.0	3.0	6.0
KAP2_92_104		14.0	27.0	67.0	143.0	272.0	8.0	18.0	44.0	92.0	180.0	6.0	17.0	40.0	78.0	152.0	5.0	9.0	23.0	50.0	91.0	43.0	89.0	213.0	440.0	864.0	47.0	93.0	231.0	457.0	908.0	38.0	77.0	192.0	389.0	764.0	31.0	61.0	157.0	308.0	609.0	41.0	84.0	206.0	414.0	831.0	25.0	52.0	131.0	272.0	535.0	26.0	51.0	127.0	253.0	526.0	19.0	36.0	89.0	172.0	355.0
RS6_228_240		22.0	45.0	109.0	218.0	427.0	14.0	26.0	61.0	127.0	254.0	9.0	18.0	45.0	97.0	192.0	6.0	12.0	26.0	55.0	109.0	63.0	127.0	311.0	626.0	1212.0	64.0	132.0	322.0	648.0	1267.0	61.0	120.0	303.0	600.0	1201.0	50.0	101.0	256.0	510.0	1010.0	58.0	117.0	296.0	571.0	1171.0	37.0	71.0	174.0	354.0	706.0	35.0	66.0	178.0	352.0	715.0	22.0	48.0	119.0	235.0	464.0
ACM1_444_456		0.0	1.0	3.0	7.0	13.0	0.0	0.0	3.0	8.0	13.0	1.0	1.0	3.0	4.0	11.0	1.0	1.0	2.0	4.0	12.0	0.0	3.0	6.0	7.0	22.0	2.0	2.0	7.0	8.0	21.0	2.0	3.0	6.0	11.0	23.0	1.0	1.0	4.0	11.0	22.0	1.0	2.0	4.0	10.0	20.0	0.0	0.0	6.0	9.0	18.0	2.0	3.0	5.0	10.0	19.0	-1.0	0.0	3.0	6.0	13.0
BAD_112_124		2.0	7.0	17.0	29.0	61.0	3.0	1.0	7.0	12.0	27.0	4.0	7.0	17.0	34.0	69.0	0.0	2.0	4.0	9.0	18.0	10.0	18.0	43.0	90.0	183.0	16.0	29.0	72.0	148.0	297.0	7.0	17.0	38.0	78.0	163.0	5.0	11.0	20.0	46.0	91.0	8.0	22.0	47.0	98.0	194.0	4.0	9.0	23.0	44.0	96.0	7.0	9.0	20.0	50.0	101.0	2.0	6.0	15.0	25.0	51.0
CENPA_1_14		2.0	2.0	9.0	18.0	38.0	2.0	4.0	7.0	13.0	28.0	0.0	3.0	6.0	12.0	28.0	0.0	1.0	3.0	9.0	17.0	3.0	4.0	16.0	29.0	58.0	4.0	10.0	21.0	44.0	84.0	2.0	8.0	17.0	33.0	64.0	3.0	6.0	14.0	27.0	61.0	3.0	7.0	17.0	29.0	57.0	1.0	4.0	12.0	21.0	40.0	3.0	5.0	9.0	23.0	43.0	2.0	3.0	6.0	15.0	32.0
FRAP_2443_2455		2.0	2.0	5.0	12.0	22.0	2.0	1.0	6.0	11.0	17.0	1.0	1.0	5.0	11.0	17.0	1.0	-1.0	2.0	2.0	10.0	2.0	4.0	10.0	19.0	35.0	4.0	7.0	12.0	26.0	56.0	1.0	4.0	12.0	24.0	42.0	1.0	3.0	10.0	21.0	37.0	2.0	6.0	11.0	25.0	48.0	1.0	4.0	7.0	16.0	32.0	1.0	2.0	7.0	18.0	32.0	1.0	3.0	7.0	13.0	24.0
K6PL_766_778		-1.0	2.0	2.0	4.0	6.0	-2.0	-1.0	4.0	2.0	7.0	0.0	-2.0	2.0	2.0	8.0	-1.0	1.0	0.0	1.0	5.0	0.0	1.0	3.0	2.0	7.0	0.0	0.0	1.0	2.0	7.0	1.0	3.0	4.0	3.0	6.0	1.0	0.0	3.0	3.0	8.0	0.0	2.0	2.0	4.0	7.0	1.0	0.0	1.0	2.0	7.0	1.0	2.0	1.0	3.0	5.0	1.0	1.0	0.0	3.0	4.0
LMNB1_16_28		2.0	2.0	3.0	5.0	9.0	0.0	1.0	2.0	4.0	5.0	0.0	1.0	2.0	5.0	7.0	1.0	-1.0	0.0	2.0	4.0	-1.0	1.0	3.0	6.0	12.0	1.0	1.0	4.0	9.0	21.0	1.0	2.0	5.0	10.0	19.0	1.0	4.0	3.0	8.0	13.0	0.0	1.0	4.0	6.0	13.0	0.0	-1.0	2.0	5.0	10.0	2.0	0.0	4.0	6.0	11.0	0.0	1.0	2.0	5.0	8.0
NEK2_172_184		0.0	1.0	3.0	5.0	9.0	0.0	1.0	2.0	3.0	11.0	-1.0	-1.0	1.0	4.0	9.0	1.0	-1.0	3.0	3.0	7.0	1.0	0.0	2.0	7.0	14.0	0.0	3.0	3.0	5.0	12.0	1.0	1.0	3.0	5.0	14.0	-1.0	2.0	5.0	6.0	16.0	1.0	3.0	3.0	6.0	13.0	1.0	1.0	2.0	6.0	9.0	0.0	0.0	3.0	7.0	12.0	0.0	0.0	2.0	5.0	10.0
PPR1A_28_40		3.0	4.0	15.0	29.0	60.0	2.0	4.0	12.0	21.0	44.0	3.0	4.0	9.0	16.0	33.0	1.0	2.0	8.0	12.0	26.0	5.0	13.0	34.0	66.0	140.0	7.0	11.0	30.0	64.0	130.0	7.0	11.0	32.0	62.0	129.0	6.0	11.0	27.0	57.0	113.0	6.0	12.0	33.0	58.0	129.0	6.0	10.0	26.0	50.0	103.0	6.0	9.0	21.0	44.0	87.0	3.0	7.0	16.0	34.0	68.0
RBL2_959_971		-1.0	1.0	0.0	2.0	2.0	1.0	0.0	1.0	2.0	4.0	0.0	0.0	1.0	0.0	2.0	-1.0	0.0	1.0	1.0	4.0	-1.0	0.0	-1.0	0.0	1.0	0.0	-1.0	1.0	2.0	4.0	-1.0	0.0	1.0	0.0	4.0	-1.0	1.0	2.0	1.0	3.0	-1.0	-1.0	-1.0	0.0	3.0	0.0	-1.0	-1.0	1.0	2.0	-1.0	-1.0	-1.0	1.0	2.0	-1.0	1.0	2.0	0.0	1.0
ADRB2_338_350		12.0	24.0	59.0	121.0	238.0	6.0	10.0	32.0	61.0	127.0	7.0	15.0	37.0	73.0	141.0	3.0	8.0	17.0	33.0	72.0	38.0	74.0	191.0	372.0	744.0	42.0	83.0	211.0	410.0	831.0	34.0	67.0	171.0	331.0	664.0	26.0	54.0	135.0	278.0	547.0	36.0	76.0	184.0	362.0	716.0	23.0	47.0	121.0	236.0	475.0	26.0	54.0	130.0	255.0	518.0	10.0	28.0	69.0	139.0	276.0
KCC2G_278_289		3.0	2.0	9.0	18.0	38.0	2.0	4.0	7.0	12.0	28.0	5.0	2.0	6.0	16.0	33.0	1.0	2.0	5.0	8.0	18.0	2.0	4.0	8.0	16.0	31.0	2.0	6.0	9.0	21.0	38.0	3.0	3.0	11.0	21.0	38.0	0.0	3.0	7.0	12.0	23.0	5.0	5.0	12.0	29.0	60.0	3.0	5.0	14.0	27.0	53.0	1.0	3.0	8.0	15.0	30.0	2.0	5.0	11.0	19.0	44.0
RYR1_4317_4329		11.0	18.0	51.0	103.0	205.0	5.0	10.0	24.0	51.0	103.0	5.0	10.0	29.0	59.0	116.0	4.0	4.0	13.0	27.0	55.0	23.0	48.0	120.0	241.0	481.0	25.0	55.0	137.0	262.0	539.0	24.0	48.0	126.0	254.0	508.0	22.0	41.0	104.0	209.0	424.0	25.0	49.0	127.0	241.0	494.0	14.0	25.0	64.0	126.0	257.0	7.0	14.0	35.0	75.0	145.0	8.0	19.0	49.0	98.0	199.0
ACM4_456_468		2.0	1.0	3.0	6.0	13.0	1.0	2.0	4.0	6.0	14.0	1.0	2.0	4.0	6.0	13.0	1.0	0.0	4.0	6.0	9.0	0.0	3.0	6.0	11.0	23.0	1.0	3.0	5.0	13.0	26.0	1.0	3.0	7.0	12.0	26.0	2.0	1.0	5.0	11.0	23.0	0.0	2.0	5.0	11.0	23.0	0.0	2.0	7.0	11.0	21.0	-1.0	2.0	5.0	10.0	19.0	1.0	2.0	3.0	8.0	15.0
BAD_69_81		1.0	1.0	3.0	7.0	13.0	0.0	1.0	3.0	7.0	13.0	0.0	0.0	3.0	7.0	11.0	0.0	1.0	2.0	4.0	8.0	2.0	2.0	6.0	16.0	30.0	2.0	3.0	10.0	19.0	37.0	3.0	3.0	8.0	16.0	31.0	1.0	3.0	6.0	13.0	29.0	0.0	1.0	8.0	16.0	32.0	1.0	3.0	5.0	13.0	27.0	2.0	3.0	6.0	14.0	27.0	2.0	3.0	7.0	12.0	24.0
COF1_17_29		0.0	2.0	1.0	0.0	2.0	1.0	0.0	2.0	3.0	6.0	0.0	2.0	3.0	7.0	8.0	-1.0	1.0	1.0	1.0	1.0	1.0	-1.0	2.0	4.0	6.0	2.0	0.0	0.0	2.0	7.0	0.0	-1.0	1.0	3.0	6.0	1.0	0.0	1.0	3.0	5.0	0.0	0.0	2.0	4.0	8.0	0.0	0.0	2.0	2.0	5.0	0.0	-1.0	1.0	2.0	6.0	2.0	1.0	1.0	1.0	3.0
FRAP_2475_2487		1.0	-1.0	1.0	3.0	3.0	0.0	1.0	0.0	1.0	4.0	0.0	1.0	2.0	1.0	4.0	-1.0	-1.0	-1.0	2.0	5.0	0.0	2.0	0.0	1.0	-1.0	1.0	2.0	3.0	4.0	9.0	-1.0	1.0	0.0	3.0	-1.0	-2.0	0.0	-1.0	0.0	0.0	2.0	0.0	-2.0	0.0	2.0	-1.0	1.0	0.0	2.0	3.0	0.0	1.0	0.0	1.0	2.0	0.0	1.0	1.0	1.0	2.0
KAPCG_192_206		-1.0	1.0	3.0	5.0	8.0	-1.0	1.0	3.0	6.0	10.0	0.0	1.0	4.0	5.0	10.0	0.0	0.0	2.0	3.0	9.0	1.0	2.0	3.0	6.0	16.0	0.0	3.0	4.0	7.0	13.0	0.0	0.0	4.0	5.0	11.0	2.0	1.0	3.0	5.0	14.0	2.0	1.0	3.0	7.0	14.0	0.0	1.0	1.0	7.0	12.0	1.0	-1.0	2.0	7.0	10.0	1.0	1.0	3.0	6.0	9.0
MARCS_152_164		1.0	2.0	5.0	9.0	16.0	-1.0	2.0	3.0	10.0	16.0	2.0	2.0	6.0	7.0	15.0	1.0	1.0	4.0	6.0	14.0	2.0	-1.0	5.0	12.0	23.0	1.0	-1.0	4.0	11.0	24.0	1.0	3.0	6.0	13.0	24.0	1.0	2.0	5.0	10.0	23.0	1.0	2.0	5.0	11.0	23.0	1.0	2.0	4.0	9.0	19.0	3.0	0.0	5.0	9.0	18.0	-1.0	2.0	3.0	9.0	18.0
NEK3_158_170		-1.0	1.0	1.0	2.0	4.0	0.0	1.0	3.0	3.0	7.0	1.0	1.0	1.0	3.0	4.0	-1.0	1.0	1.0	2.0	4.0	0.0	0.0	2.0	1.0	3.0	2.0	2.0	1.0	3.0	6.0	0.0	0.0	1.0	3.0	6.0	1.0	-1.0	2.0	4.0	8.0	-1.0	0.0	1.0	3.0	10.0	0.0	1.0	2.0	2.0	6.0	0.0	1.0	3.0	4.0	6.0	1.0	1.0	2.0	5.0	6.0
PRKDC_2618_2630		1.0	2.0	3.0	11.0	19.0	1.0	2.0	5.0	11.0	25.0	-1.0	0.0	4.0	6.0	16.0	-1.0	2.0	3.0	7.0	15.0	1.0	2.0	4.0	8.0	17.0	1.0	4.0	4.0	9.0	17.0	1.0	1.0	4.0	11.0	20.0	1.0	4.0	3.0	8.0	17.0	-1.0	3.0	6.0	14.0	27.0	1.0	3.0	7.0	14.0	26.0	1.0	1.0	5.0	14.0	29.0	-2.0	1.0	7.0	8.0	25.0
REL_260_272		8.0	17.0	41.0	86.0	168.0	4.0	6.0	13.0	36.0	70.0	6.0	12.0	30.0	64.0	126.0	3.0	5.0	12.0	25.0	47.0	24.0	46.0	119.0	237.0	467.0	26.0	47.0	128.0	243.0	495.0	18.0	36.0	96.0	190.0	387.0	15.0	30.0	73.0	148.0	291.0	21.0	41.0	105.0	209.0	422.0	12.0	23.0	58.0	117.0	236.0	11.0	25.0	53.0	114.0	230.0	7.0	13.0	34.0	69.0	137.0
ART_025_CXGLRRWSLGGLRRWSL		8.0	13.0	33.0	65.0	133.0	2.0	4.0	13.0	26.0	54.0	6.0	7.0	19.0	44.0	86.0	2.0	4.0	8.0	16.0	32.0	34.0	67.0	175.0	351.0	688.0	31.0	68.0	166.0	329.0	646.0	28.0	56.0	143.0	287.0	564.0	23.0	44.0	119.0	231.0	472.0	30.0	63.0	149.0	303.0	602.0	15.0	28.0	75.0	153.0	306.0	10.0	20.0	46.0	95.0	191.0	8.0	18.0	47.0	95.0	190.0
KCNA1_438_450		0.0	3.0	6.0	11.0	25.0	0.0	2.0	2.0	7.0	12.0	-1.0	3.0	6.0	11.0	25.0	0.0	2.0	0.0	4.0	9.0	3.0	7.0	20.0	37.0	79.0	3.0	8.0	18.0	42.0	80.0	3.0	8.0	14.0	31.0	60.0	2.0	6.0	10.0	24.0	47.0	4.0	7.0	16.0	32.0	66.0	1.0	5.0	9.0	16.0	33.0	1.0	3.0	4.0	9.0	23.0	1.0	2.0	4.0	9.0	21.0
SCN7A_898_910		7.0	15.0	34.0	66.0	136.0	5.0	8.0	17.0	38.0	80.0	5.0	8.0	23.0	46.0	89.0	2.0	6.0	9.0	22.0	42.0	22.0	43.0	111.0	219.0	437.0	26.0	54.0	135.0	265.0	529.0	19.0	39.0	98.0	201.0	397.0	19.0	33.0	84.0	170.0	342.0	22.0	44.0	104.0	218.0	428.0	12.0	25.0	58.0	117.0	240.0	10.0	19.0	44.0	94.0	196.0	8.0	14.0	36.0	70.0	146.0
ACM5_494_506		1.0	0.0	4.0	12.0	23.0	0.0	3.0	10.0	16.0	32.0	0.0	1.0	5.0	8.0	19.0	1.0	2.0	5.0	10.0	18.0	2.0	4.0	14.0	26.0	53.0	4.0	6.0	14.0	28.0	56.0	1.0	4.0	14.0	32.0	61.0	0.0	3.0	11.0	24.0	50.0	4.0	6.0	12.0	25.0	51.0	3.0	3.0	10.0	20.0	44.0	1.0	3.0	9.0	18.0	40.0	2.0	4.0	6.0	15.0	32.0
BAD_93_105		4.0	4.0	7.0	15.0	33.0	3.0	4.0	9.0	18.0	41.0	2.0	-2.0	7.0	13.0	26.0	1.0	2.0	4.0	12.0	22.0	2.0	7.0	13.0	33.0	70.0	4.0	6.0	15.0	30.0	64.0	1.0	5.0	16.0	36.0	70.0	2.0	3.0	14.0	31.0	66.0	2.0	6.0	14.0	31.0	65.0	2.0	4.0	13.0	29.0	58.0	2.0	6.0	15.0	23.0	51.0	3.0	5.0	12.0	25.0	44.0
CSF1R_701_713		14.0	27.0	72.0	137.0	269.0	7.0	14.0	33.0	73.0	148.0	6.0	16.0	38.0	76.0	149.0	4.0	4.0	15.0	34.0	72.0	35.0	68.0	174.0	350.0	704.0	42.0	81.0	204.0	403.0	824.0	30.0	60.0	152.0	302.0	610.0	25.0	51.0	130.0	254.0	516.0	35.0	74.0	184.0	353.0	730.0	20.0	43.0	105.0	220.0	432.0	22.0	41.0	104.0	217.0	420.0	10.0	25.0	65.0	128.0	260.0
GPR6_349_361		1.0	0.0	6.0	11.0	22.0	3.0	1.0	3.0	9.0	14.0	-1.0	1.0	6.0	8.0	16.0	1.0	1.0	2.0	6.0	11.0	1.0	3.0	6.0	17.0	30.0	2.0	5.0	12.0	21.0	38.0	2.0	3.0	7.0	13.0	29.0	1.0	1.0	7.0	14.0	27.0	1.0	3.0	8.0	16.0	33.0	2.0	1.0	7.0	11.0	23.0	0.0	5.0	7.0	13.0	24.0	1.0	2.0	6.0	9.0	18.0
KCNA2_442_454		1.0	3.0	9.0	14.0	28.0	1.0	1.0	5.0	10.0	21.0	1.0	2.0	7.0	12.0	26.0	1.0	1.0	0.0	5.0	12.0	3.0	6.0	14.0	29.0	60.0	4.0	8.0	17.0	34.0	73.0	2.0	4.0	10.0	25.0	48.0	1.0	6.0	13.0	25.0	50.0	5.0	6.0	14.0	25.0	58.0	3.0	3.0	10.0	19.0	36.0	2.0	6.0	10.0	20.0	38.0	1.0	2.0	7.0	13.0	26.0
MARCS_160_172		0.0	1.0	4.0	8.0	16.0	1.0	0.0	5.0	9.0	18.0	-1.0	2.0	4.0	7.0	11.0	-2.0	0.0	3.0	6.0	13.0	0.0	3.0	4.0	8.0	20.0	1.0	3.0	4.0	11.0	23.0	1.0	2.0	7.0	14.0	28.0	0.0	2.0	6.0	12.0	24.0	1.0	2.0	7.0	14.0	27.0	2.0	2.0	6.0	10.0	22.0	1.0	2.0	4.0	9.0	17.0	1.0	4.0	5.0	11.0	19.0
NMDZ1_890_902		14.0	31.0	76.0	156.0	318.0	7.0	14.0	39.0	81.0	162.0	8.0	16.0	36.0	74.0	148.0	5.0	8.0	19.0	37.0	76.0	46.0	84.0	219.0	439.0	858.0	45.0	91.0	224.0	439.0	884.0	38.0	73.0	185.0	371.0	736.0	35.0	66.0	168.0	336.0	677.0	42.0	84.0	216.0	429.0	850.0	24.0	48.0	116.0	236.0	473.0	25.0	44.0	116.0	231.0	448.0	15.0	30.0	76.0	151.0	303.0
PTK6_436_448		11.0	26.0	63.0	130.0	259.0	7.0	14.0	36.0	73.0	155.0	8.0	16.0	40.0	78.0	158.0	4.0	9.0	21.0	43.0	86.0	35.0	71.0	175.0	346.0	682.0	31.0	59.0	155.0	312.0	618.0	26.0	52.0	136.0	264.0	534.0	23.0	45.0	112.0	221.0	441.0	34.0	67.0	167.0	339.0	687.0	19.0	39.0	97.0	194.0	395.0	21.0	39.0	100.0	198.0	403.0	10.0	24.0	61.0	127.0	251.0
SRC_413_425		0.0	-1.0	-1.0	-1.0	-2.0	-1.0	0.0	-1.0	0.0	1.0	-1.0	1.0	1.0	0.0	1.0	1.0	0.0	1.0	-1.0	0.0	-1.0	-2.0	-2.0	-5.0	-14.0	2.0	-2.0	-2.0	-4.0	-10.0	-1.0	-1.0	-1.0	-3.0	-7.0	0.0	0.0	-2.0	-2.0	-5.0	-1.0	1.0	-4.0	-5.0	-13.0	1.0	-2.0	-1.0	0.0	-4.0	-1.0	1.0	-2.0	-4.0	-7.0	-1.0	0.0	-3.0	1.0	-4.0
CAC1C_1974_1986		16.0	28.0	73.0	156.0	301.0	8.0	18.0	44.0	88.0	173.0	9.0	17.0	45.0	87.0	176.0	5.0	10.0	24.0	53.0	100.0	49.0	93.0	242.0	483.0	955.0	59.0	117.0	287.0	572.0	1129.0	43.0	84.0	212.0	430.0	857.0	37.0	73.0	182.0	364.0	723.0	44.0	92.0	233.0	462.0	906.0	37.0	67.0	167.0	345.0	681.0	44.0	87.0	219.0	448.0	880.0	17.0	35.0	87.0	171.0	343.0
KPB1_1011_1023		11.0	23.0	61.0	116.0	227.0	4.0	12.0	22.0	50.0	98.0	9.0	15.0	38.0	78.0	166.0	2.0	6.0	13.0	31.0	60.0	44.0	87.0	228.0	444.0	900.0	47.0	92.0	230.0	454.0	898.0	36.0	73.0	182.0	358.0	719.0	31.0	61.0	151.0	312.0	612.0	40.0	83.0	197.0	400.0	796.0	21.0	39.0	94.0	187.0	391.0	15.0	27.0	72.0	147.0	298.0	10.0	22.0	61.0	121.0	245.0
SRC8_CHICK_423_435		0.0	-1.0	1.0	0.0	0.0	0.0	0.0	1.0	-1.0	-1.0	0.0	0.0	0.0	1.0	0.0	-1.0	-1.0	1.0	2.0	3.0	1.0	1.0	0.0	-2.0	-3.0	0.0	0.0	-4.0	-5.0	-8.0	0.0	0.0	-1.0	-4.0	-2.0	-1.0	-1.0	-2.0	-2.0	-1.0	0.0	-1.0	-1.0	-4.0	-2.0	0.0	-1.0	0.0	2.0	-1.0	0.0	1.0	2.0	-1.0	0.0	1.0	-1.0	1.0	5.0	4.0
ACM5_498_510		1.0	1.0	5.0	10.0	16.0	1.0	2.0	5.0	11.0	20.0	1.0	1.0	4.0	9.0	11.0	0.0	1.0	4.0	7.0	11.0	1.0	3.0	8.0	16.0	32.0	2.0	2.0	9.0	18.0	37.0	2.0	2.0	10.0	17.0	34.0	1.0	4.0	10.0	17.0	32.0	1.0	4.0	8.0	18.0	34.0	2.0	2.0	6.0	12.0	27.0	1.0	3.0	5.0	13.0	26.0	1.0	3.0	3.0	11.0	25.0
BCKD_45_57		2.0	2.0	9.0	17.0	33.0	1.0	2.0	9.0	17.0	36.0	0.0	1.0	8.0	12.0	25.0	1.0	1.0	5.0	10.0	22.0	2.0	6.0	13.0	25.0	50.0	4.0	7.0	19.0	35.0	69.0	2.0	5.0	14.0	27.0	55.0	4.0	7.0	15.0	29.0	61.0	3.0	8.0	11.0	31.0	60.0	3.0	4.0	12.0	20.0	37.0	2.0	5.0	12.0	24.0	52.0	2.0	3.0	7.0	19.0	40.0
CSK21_355_367		-1.0	-1.0	-2.0	-1.0	-1.0	1.0	0.0	1.0	2.0	1.0	0.0	1.0	-1.0	-1.0	2.0	-1.0	3.0	0.0	-1.0	3.0	1.0	-2.0	0.0	-4.0	-5.0	1.0	0.0	-1.0	-3.0	-6.0	1.0	0.0	-3.0	-2.0	-6.0	0.0	0.0	-1.0	0.0	-4.0	1.0	0.0	-1.0	-5.0	-5.0	1.0	1.0	0.0	1.0	-2.0	0.0	-1.0	-2.0	-2.0	-2.0	-1.0	1.0	-1.0	-1.0	0.0
GPSM2_394_406		7.0	13.0	34.0	67.0	140.0	2.0	5.0	14.0	25.0	50.0	5.0	10.0	24.0	49.0	98.0	4.0	4.0	6.0	15.0	33.0	19.0	36.0	92.0	185.0	370.0	24.0	45.0	112.0	230.0	454.0	14.0	28.0	72.0	146.0	290.0	11.0	21.0	58.0	119.0	238.0	15.0	37.0	87.0	182.0	366.0	9.0	17.0	42.0	89.0	170.0	8.0	19.0	45.0	92.0	185.0	5.0	8.0	24.0	46.0	96.0
KCNA3_461_473		1.0	1.0	1.0	7.0	13.0	-1.0	0.0	2.0	3.0	9.0	3.0	2.0	3.0	7.0	10.0	2.0	1.0	2.0	2.0	7.0	2.0	0.0	5.0	9.0	19.0	1.0	3.0	7.0	12.0	26.0	-1.0	3.0	7.0	9.0	20.0	1.0	2.0	6.0	9.0	22.0	3.0	2.0	7.0	14.0	26.0	0.0	2.0	4.0	6.0	9.0	2.0	0.0	4.0	9.0	18.0	1.0	3.0	4.0	6.0	15.0
MBP_222_234		1.0	1.0	4.0	8.0	17.0	1.0	0.0	5.0	10.0	20.0	0.0	1.0	3.0	7.0	12.0	-1.0	2.0	2.0	7.0	11.0	2.0	2.0	6.0	11.0	23.0	1.0	4.0	8.0	14.0	32.0	2.0	3.0	7.0	16.0	34.0	2.0	3.0	6.0	16.0	28.0	3.0	3.0	7.0	12.0	31.0	1.0	3.0	4.0	11.0	25.0	2.0	2.0	6.0	10.0	25.0	0.0	2.0	6.0	11.0	24.0
NOS3_1171_1183		7.0	15.0	40.0	76.0	151.0	7.0	10.0	32.0	65.0	127.0	5.0	8.0	23.0	49.0	95.0	4.0	5.0	15.0	30.0	62.0	13.0	27.0	67.0	138.0	274.0	17.0	32.0	77.0	152.0	314.0	14.0	27.0	66.0	138.0	262.0	11.0	23.0	56.0	118.0	235.0	17.0	33.0	80.0	167.0	336.0	10.0	22.0	52.0	104.0	212.0	10.0	21.0	53.0	107.0	213.0	9.0	16.0	39.0	78.0	161.0
RAB1A_187_199		0.0	2.0	2.0	3.0	5.0	-1.0	-2.0	2.0	4.0	6.0	0.0	-1.0	3.0	4.0	7.0	0.0	1.0	2.0	5.0	7.0	1.0	1.0	1.0	0.0	1.0	1.0	0.0	3.0	1.0	4.0	1.0	1.0	3.0	3.0	5.0	1.0	1.0	3.0	4.0	8.0	0.0	2.0	2.0	0.0	0.0	1.0	0.0	2.0	1.0	5.0	1.0	0.0	2.0	2.0	5.0	0.0	2.0	2.0	4.0	8.0
STK6_283_295		25.0	46.0	120.0	235.0	475.0	21.0	35.0	95.0	189.0	373.0	12.0	25.0	58.0	121.0	242.0	10.0	16.0	46.0	95.0	188.0	67.0	126.0	328.0	656.0	1309.0	68.0	135.0	323.0	660.0	1283.0	57.0	118.0	289.0	588.0	1167.0	46.0	91.0	228.0	460.0	916.0	68.0	132.0	332.0	666.0	1292.0	49.0	101.0	249.0	506.0	1002.0	54.0	107.0	269.0	527.0	1062.0	32.0	61.0	158.0	322.0	639.0
CFTR_730_742		19.0	35.0	93.0	182.0	355.0	10.0	17.0	43.0	91.0	177.0	10.0	22.0	54.0	115.0	229.0	5.0	8.0	23.0	49.0	103.0	68.0	131.0	332.0	661.0	1277.0	68.0	134.0	339.0	660.0	1317.0	54.0	109.0	269.0	546.0	1089.0	45.0	94.0	232.0	465.0	938.0	57.0	114.0	290.0	576.0	1159.0	34.0	70.0	168.0	333.0	684.0	23.0	47.0	115.0	236.0	469.0	17.0	34.0	86.0	174.0	357.0
MYPC3_268_280		30.0	64.0	160.0	318.0	629.0	21.0	45.0	109.0	215.0	432.0	18.0	36.0	91.0	181.0	361.0	11.0	21.0	52.0	101.0	202.0	104.0	205.0	513.0	1019.0	2006.0	105.0	207.0	508.0	1004.0	2016.0	96.0	192.0	486.0	958.0	1912.0	90.0	175.0	445.0	877.0	1737.0	97.0	197.0	485.0	966.0	1938.0	58.0	116.0	291.0	589.0	1171.0	38.0	77.0	191.0	377.0	755.0	42.0	85.0	214.0	421.0	856.0
VASP_271_283		4.0	8.0	21.0	43.0	78.0	2.0	5.0	13.0	27.0	55.0	0.0	5.0	13.0	28.0	53.0	1.0	3.0	8.0	15.0	31.0	7.0	14.0	37.0	80.0	155.0	10.0	20.0	48.0	105.0	200.0	9.0	16.0	40.0	83.0	166.0	7.0	12.0	37.0	76.0	152.0	9.0	16.0	39.0	83.0	165.0	3.0	10.0	24.0	50.0	103.0	4.0	7.0	14.0	33.0	68.0	5.0	8.0	19.0	39.0	77.0
ADDB_696_708		1.0	1.0	4.0	6.0	10.0	1.0	0.0	3.0	4.0	11.0	0.0	1.0	4.0	4.0	11.0	-1.0	0.0	3.0	4.0	8.0	2.0	1.0	4.0	6.0	16.0	0.0	3.0	4.0	10.0	18.0	2.0	0.0	5.0	8.0	13.0	1.0	1.0	2.0	7.0	16.0	2.0	2.0	4.0	8.0	18.0	0.0	2.0	2.0	6.0	11.0	0.0	2.0	3.0	7.0	14.0	1.0	0.0	3.0	5.0	12.0
BRCA1_1451_1463		1.0	1.0	1.0	2.0	2.0	1.0	0.0	0.0	2.0	0.0	0.0	1.0	-1.0	1.0	3.0	-1.0	-1.0	0.0	1.0	3.0	1.0	0.0	1.0	2.0	3.0	0.0	0.0	1.0	1.0	1.0	0.0	0.0	-1.0	0.0	3.0	1.0	-1.0	-1.0	-1.0	2.0	0.0	-2.0	1.0	2.0	1.0	0.0	0.0	0.0	2.0	1.0	-1.0	-1.0	0.0	0.0	1.0	0.0	-1.0	2.0	0.0	3.0
DCX_49_61		2.0	1.0	0.0	6.0	12.0	0.0	1.0	1.0	4.0	8.0	0.0	0.0	4.0	5.0	11.0	1.0	1.0	2.0	3.0	7.0	0.0	1.0	3.0	7.0	11.0	0.0	2.0	2.0	6.0	15.0	1.0	2.0	3.0	7.0	11.0	-1.0	2.0	4.0	7.0	13.0	2.0	1.0	2.0	7.0	15.0	-1.0	0.0	2.0	6.0	11.0	0.0	0.0	3.0	6.0	8.0	1.0	1.0	3.0	2.0	7.0
GSUB_61_73		-1.0	3.0	1.0	7.0	14.0	0.0	1.0	4.0	6.0	13.0	1.0	0.0	1.0	6.0	12.0	1.0	2.0	2.0	3.0	12.0	1.0	2.0	5.0	9.0	21.0	3.0	4.0	5.0	9.0	23.0	1.0	1.0	5.0	10.0	19.0	2.0	0.0	5.0	8.0	19.0	2.0	-2.0	5.0	9.0	17.0	0.0	3.0	4.0	11.0	18.0	2.0	2.0	4.0	7.0	15.0	-1.0	2.0	4.0	8.0	13.0
KCNB1_489_501		-2.0	0.0	1.0	2.0	4.0	0.0	0.0	0.0	1.0	5.0	-1.0	2.0	-1.0	1.0	3.0	-1.0	3.0	1.0	1.0	4.0	1.0	0.0	1.0	3.0	4.0	-1.0	1.0	1.0	2.0	5.0	-2.0	1.0	1.0	0.0	5.0	0.0	2.0	0.0	4.0	7.0	1.0	-1.0	1.0	2.0	4.0	1.0	0.0	1.0	2.0	3.0	1.0	2.0	0.0	1.0	7.0	0.0	0.0	1.0	3.0	7.0
MK10_214_226		0.0	0.0	2.0	-1.0	3.0	0.0	-1.0	1.0	2.0	4.0	0.0	1.0	1.0	3.0	4.0	1.0	0.0	2.0	4.0	4.0	0.0	0.0	1.0	2.0	5.0	0.0	0.0	0.0	2.0	3.0	1.0	1.0	1.0	2.0	4.0	0.0	0.0	2.0	2.0	6.0	0.0	0.0	0.0	0.0	2.0	1.0	1.0	0.0	1.0	3.0	0.0	-1.0	1.0	1.0	5.0	0.0	1.0	1.0	2.0	6.0
NR4A1_344_356		2.0	2.0	5.0	9.0	27.0	1.0	2.0	3.0	9.0	17.0	1.0	1.0	3.0	7.0	17.0	0.0	3.0	3.0	5.0	10.0	2.0	2.0	8.0	15.0	30.0	2.0	2.0	8.0	14.0	29.0	1.0	3.0	5.0	16.0	28.0	2.0	4.0	10.0	13.0	33.0	1.0	3.0	7.0	14.0	29.0	2.0	3.0	6.0	12.0	26.0	1.0	3.0	4.0	13.0	26.0	0.0	3.0	5.0	9.0	19.0
RAF1_253_265		2.0	2.0	7.0	14.0	28.0	1.0	1.0	4.0	6.0	10.0	0.0	3.0	3.0	5.0	11.0	-1.0	0.0	3.0	2.0	10.0	0.0	1.0	3.0	7.0	17.0	1.0	1.0	6.0	10.0	20.0	1.0	1.0	3.0	7.0	20.0	1.0	1.0	4.0	9.0	16.0	2.0	2.0	3.0	10.0	17.0	0.0	3.0	4.0	7.0	12.0	0.0	1.0	4.0	7.0	16.0	1.0	1.0	2.0	6.0	14.0
STMN2_90_102		3.0	5.0	18.0	31.0	67.0	2.0	4.0	6.0	12.0	27.0	3.0	4.0	11.0	26.0	53.0	2.0	1.0	5.0	11.0	21.0	8.0	16.0	45.0	90.0	178.0	10.0	19.0	45.0	97.0	196.0	6.0	12.0	34.0	65.0	132.0	8.0	11.0	26.0	53.0	108.0	8.0	16.0	39.0	77.0	159.0	1.0	7.0	20.0	41.0	83.0	4.0	8.0	21.0	42.0	83.0	5.0	9.0	22.0	40.0	76.0
CGHB_109_121		6.0	14.0	32.0	64.0	127.0	6.0	9.0	25.0	55.0	111.0	5.0	9.0	23.0	44.0	89.0	2.0	4.0	14.0	28.0	62.0	13.0	22.0	66.0	131.0	260.0	21.0	36.0	86.0	175.0	345.0	12.0	25.0	63.0	125.0	246.0	10.0	21.0	51.0	103.0	208.0	10.0	26.0	64.0	135.0	268.0	12.0	25.0	60.0	123.0	244.0	17.0	36.0	91.0	181.0	362.0	7.0	14.0	36.0	78.0	153.0
NCF1_296_308		17.0	36.0	89.0	179.0	351.0	9.0	19.0	47.0	94.0	194.0	8.0	18.0	46.0	96.0	189.0	4.0	8.0	23.0	47.0	97.0	49.0	103.0	249.0	489.0	970.0	49.0	103.0	253.0	501.0	1005.0	46.0	89.0	225.0	443.0	873.0	39.0	82.0	204.0	401.0	809.0	45.0	96.0	231.0	461.0	913.0	26.0	53.0	136.0	274.0	545.0	20.0	43.0	107.0	210.0	426.0	18.0	37.0	96.0	198.0	395.0
VTNC_390_402		24.0	44.0	119.0	237.0	469.0	17.0	30.0	81.0	163.0	315.0	12.0	24.0	59.0	119.0	240.0	7.0	13.0	35.0	68.0	137.0	70.0	130.0	333.0	646.0	1290.0	67.0	138.0	342.0	684.0	1343.0	65.0	126.0	313.0	640.0	1276.0	57.0	118.0	283.0	576.0	1134.0	64.0	132.0	309.0	619.0	1251.0	40.0	73.0	193.0	381.0	769.0	32.0	60.0	146.0	302.0	622.0	25.0	48.0	120.0	248.0	498.0
ADDB_706_718		2.0	3.0	7.0	17.0	40.0	1.0	5.0	8.0	16.0	32.0	1.0	3.0	8.0	15.0	31.0	0.0	3.0	5.0	12.0	21.0	1.0	3.0	12.0	24.0	54.0	2.0	7.0	15.0	29.0	60.0	2.0	3.0	12.0	24.0	53.0	3.0	4.0	11.0	22.0	49.0	2.0	5.0	14.0	27.0	52.0	1.0	3.0	11.0	20.0	41.0	3.0	4.0	13.0	20.0	43.0	2.0	3.0	10.0	16.0	32.0
C1R_201_213		1.0	1.0	0.0	0.0	4.0	0.0	1.0	1.0	4.0	5.0	0.0	2.0	1.0	3.0	4.0	0.0	0.0	1.0	1.0	3.0	-1.0	1.0	2.0	2.0	4.0	2.0	-1.0	1.0	5.0	6.0	0.0	2.0	2.0	2.0	6.0	0.0	1.0	1.0	1.0	4.0	-1.0	1.0	3.0	1.0	4.0	0.0	-1.0	1.0	2.0	1.0	0.0	-2.0	0.0	1.0	4.0	0.0	1.0	3.0	2.0	6.0
ELK1_356_368		-2.0	1.0	1.0	1.0	0.0	0.0	0.0	2.0	2.0	3.0	1.0	0.0	1.0	3.0	3.0	0.0	1.0	0.0	2.0	4.0	0.0	0.0	1.0	1.0	2.0	1.0	0.0	-1.0	0.0	-1.0	1.0	0.0	0.0	1.0	0.0	0.0	0.0	2.0	2.0	5.0	0.0	1.0	1.0	0.0	3.0	0.0	-1.0	0.0	2.0	4.0	0.0	0.0	0.0	3.0	3.0	0.0	1.0	0.0	0.0	3.0
GYS2_1_13		1.0	4.0	11.0	18.0	39.0	1.0	4.0	9.0	20.0	41.0	1.0	3.0	5.0	14.0	23.0	0.0	3.0	6.0	10.0	21.0	5.0	6.0	17.0	40.0	77.0	4.0	7.0	18.0	39.0	75.0	6.0	9.0	20.0	41.0	85.0	4.0	8.0	17.0	38.0	73.0	4.0	8.0	20.0	41.0	80.0	2.0	6.0	14.0	31.0	71.0	4.0	8.0	16.0	31.0	69.0	3.0	4.0	13.0	29.0	64.0
KIF11_919_931		0.0	0.0	2.0	1.0	5.0	0.0	0.0	1.0	3.0	5.0	-2.0	0.0	0.0	2.0	3.0	1.0	-1.0	2.0	3.0	4.0	0.0	-2.0	1.0	3.0	5.0	1.0	1.0	1.0	3.0	2.0	0.0	2.0	3.0	4.0	4.0	0.0	1.0	3.0	3.0	4.0	0.0	0.0	0.0	1.0	1.0	-1.0	1.0	1.0	1.0	5.0	1.0	1.0	-1.0	2.0	3.0	0.0	0.0	3.0	0.0	6.0
MP2K1_281_293		0.0	0.0	2.0	3.0	3.0	0.0	0.0	1.0	1.0	4.0	0.0	0.0	2.0	3.0	4.0	1.0	1.0	1.0	0.0	2.0	0.0	-1.0	1.0	3.0	3.0	0.0	0.0	0.0	3.0	4.0	0.0	0.0	2.0	1.0	4.0	2.0	1.0	0.0	1.0	1.0	1.0	-1.0	1.0	3.0	1.0	0.0	-1.0	0.0	3.0	2.0	-1.0	1.0	1.0	1.0	5.0	0.0	-1.0	2.0	1.0	4.0
NTRK3_824_836		0.0	0.0	3.0	3.0	7.0	-1.0	-1.0	3.0	3.0	6.0	0.0	0.0	2.0	5.0	6.0	-1.0	0.0	1.0	1.0	4.0	1.0	2.0	1.0	2.0	3.0	0.0	-1.0	1.0	2.0	3.0	-1.0	-1.0	0.0	3.0	2.0	1.0	1.0	1.0	3.0	8.0	0.0	-1.0	2.0	2.0	6.0	-1.0	2.0	0.0	1.0	3.0	1.0	0.0	2.0	2.0	5.0	-1.0	2.0	1.0	5.0	7.0
RAP1B_172_184		-1.0	3.0	4.0	12.0	22.0	2.0	2.0	4.0	10.0	17.0	0.0	2.0	6.0	9.0	19.0	1.0	2.0	4.0	5.0	12.0	3.0	4.0	11.0	21.0	40.0	1.0	3.0	9.0	21.0	37.0	2.0	3.0	8.0	16.0	32.0	2.0	1.0	9.0	19.0	33.0	2.0	2.0	9.0	18.0	37.0	4.0	1.0	7.0	14.0	28.0	2.0	1.0	7.0	14.0	26.0	1.0	2.0	5.0	9.0	21.0
TAU_524_536		1.0	0.0	0.0	4.0	5.0	0.0	2.0	0.0	1.0	3.0	0.0	0.0	2.0	3.0	5.0	0.0	1.0	2.0	3.0	6.0	2.0	0.0	1.0	1.0	5.0	1.0	-1.0	1.0	3.0	9.0	0.0	1.0	4.0	4.0	8.0	0.0	1.0	1.0	4.0	7.0	1.0	2.0	0.0	2.0	0.0	-1.0	0.0	1.0	0.0	5.0	0.0	-1.0	0.0	1.0	4.0	2.0	0.0	3.0	5.0	9.0
CREB1_126_138		23.0	46.0	121.0	228.0	467.0	14.0	32.0	76.0	154.0	303.0	14.0	24.0	64.0	130.0	258.0	5.0	13.0	37.0	73.0	144.0	71.0	138.0	353.0	689.0	1352.0	68.0	136.0	333.0	669.0	1323.0	67.0	132.0	331.0	653.0	1307.0	58.0	117.0	284.0	561.0	1116.0	65.0	129.0	319.0	651.0	1294.0	37.0	80.0	196.0	402.0	792.0	41.0	82.0	209.0	414.0	812.0	30.0	58.0	148.0	304.0	597.0
NCF1_321_333		17.0	35.0	90.0	171.0	354.0	9.0	22.0	48.0	106.0	211.0	10.0	22.0	53.0	105.0	222.0	6.0	10.0	26.0	54.0	109.0	56.0	109.0	283.0	568.0	1116.0	59.0	116.0	291.0	580.0	1162.0	53.0	103.0	269.0	521.0	1048.0	40.0	80.0	210.0	416.0	833.0	48.0	101.0	249.0	503.0	995.0	32.0	62.0	149.0	297.0	604.0	31.0	63.0	154.0	305.0	622.0	18.0	37.0	96.0	195.0	389.0
CFTR_761_773		75.0	152.0	383.0	762.0	1507.0	62.0	124.0	306.0	608.0	1208.0	40.0	76.0	191.0	386.0	771.0	24.0	48.0	123.0	249.0	502.0	246.0	476.0	1194.0	2342.0	3497.0	235.0	471.0	1170.0	2261.0	3526.0	239.0	465.0	1168.0	2309.0	3598.0	213.0	422.0	1041.0	2061.0	3622.0	222.0	434.0	1096.0	2151.0	3428.0	156.0	298.0	759.0	1505.0	2940.0	148.0	287.0	724.0	1424.0	2835.0	108.0	214.0	543.0	1084.0	2119.0
AKT1_301_313		0.0	-1.0	0.0	1.0	4.0	0.0	0.0	1.0	2.0	6.0	0.0	-1.0	2.0	5.0	5.0	-1.0	2.0	2.0	3.0	3.0	0.0	-1.0	2.0	3.0	6.0	0.0	0.0	1.0	3.0	2.0	-1.0	1.0	0.0	2.0	4.0	-1.0	1.0	2.0	3.0	5.0	1.0	1.0	-2.0	0.0	1.0	0.0	-1.0	2.0	1.0	4.0	0.0	0.0	0.0	2.0	6.0	0.0	0.0	1.0	4.0	6.0
CA2D1_494_506		0.0	0.0	2.0	3.0	7.0	0.0	1.0	2.0	5.0	7.0	-1.0	2.0	0.0	2.0	9.0	-1.0	0.0	2.0	3.0	6.0	2.0	1.0	4.0	6.0	15.0	0.0	1.0	3.0	10.0	21.0	3.0	5.0	3.0	11.0	19.0	1.0	1.0	3.0	5.0	15.0	1.0	0.0	2.0	8.0	15.0	0.0	1.0	1.0	4.0	12.0	0.0	1.0	2.0	9.0	11.0	0.0	0.0	2.0	5.0	9.0
ELK1_410_422		-1.0	0.0	1.0	0.0	0.0	1.0	1.0	0.0	2.0	2.0	1.0	0.0	1.0	2.0	2.0	0.0	1.0	1.0	1.0	4.0	-1.0	-1.0	-1.0	0.0	-3.0	0.0	0.0	0.0	-1.0	-3.0	1.0	1.0	-1.0	-2.0	-1.0	-1.0	0.0	1.0	0.0	1.0	-1.0	1.0	-1.0	1.0	2.0	-1.0	0.0	-2.0	2.0	1.0	0.0	0.0	-1.0	0.0	-1.0	1.0	0.0	0.0	2.0	0.0
H2B1B_ 27_40		2.0	4.0	8.0	11.0	26.0	0.0	3.0	6.0	9.0	25.0	-1.0	4.0	5.0	10.0	23.0	1.0	1.0	5.0	9.0	13.0	3.0	5.0	9.0	19.0	37.0	2.0	4.0	13.0	22.0	43.0	2.0	5.0	7.0	16.0	37.0	3.0	4.0	9.0	18.0	35.0	2.0	3.0	10.0	21.0	37.0	2.0	1.0	7.0	17.0	34.0	1.0	4.0	7.0	14.0	28.0	2.0	2.0	6.0	14.0	27.0
KIF2C_105_118_S106G		14.0	24.0	58.0	117.0	227.0	7.0	16.0	42.0	79.0	170.0	7.0	13.0	35.0	68.0	141.0	5.0	6.0	19.0	40.0	76.0	19.0	37.0	98.0	192.0	379.0	23.0	46.0	117.0	240.0	478.0	21.0	41.0	102.0	207.0	405.0	21.0	42.0	108.0	215.0	427.0	20.0	41.0	101.0	210.0	418.0	10.0	27.0	65.0	131.0	261.0	16.0	28.0	74.0	149.0	300.0	10.0	21.0	56.0	115.0	220.0
MP2K1_287_299		1.0	2.0	5.0	9.0	18.0	-1.0	1.0	3.0	7.0	15.0	0.0	1.0	2.0	6.0	15.0	0.0	1.0	2.0	6.0	9.0	1.0	4.0	6.0	10.0	24.0	0.0	4.0	6.0	12.0	22.0	0.0	1.0	7.0	14.0	26.0	3.0	3.0	6.0	13.0	25.0	2.0	3.0	7.0	12.0	22.0	1.0	1.0	4.0	9.0	21.0	1.0	2.0	6.0	12.0	23.0	2.0	1.0	4.0	7.0	16.0
P53_12_24		-1.0	1.0	3.0	8.0	14.0	1.0	0.0	3.0	5.0	8.0	1.0	1.0	2.0	-1.0	12.0	1.0	1.0	3.0	3.0	8.0	0.0	1.0	2.0	7.0	9.0	-1.0	1.0	2.0	7.0	14.0	-1.0	1.0	2.0	5.0	11.0	2.0	1.0	0.0	4.0	9.0	1.0	3.0	5.0	9.0	17.0	0.0	1.0	3.0	8.0	15.0	1.0	1.0	4.0	6.0	14.0	0.0	1.0	3.0	8.0	17.0
RB_242_254		1.0	2.0	3.0	6.0	13.0	1.0	1.0	1.0	3.0	8.0	1.0	2.0	3.0	5.0	11.0	0.0	-1.0	2.0	2.0	5.0	1.0	2.0	5.0	9.0	18.0	1.0	1.0	5.0	8.0	15.0	-1.0	2.0	5.0	10.0	19.0	1.0	1.0	7.0	9.0	18.0	1.0	0.0	3.0	9.0	17.0	0.0	1.0	3.0	7.0	15.0	2.0	1.0	3.0	8.0	15.0	1.0	1.0	2.0	8.0	13.0
TLE2_246_258		-1.0	-1.0	-1.0	-1.0	-1.0	0.0	1.0	-1.0	-1.0	0.0	1.0	0.0	0.0	0.0	2.0	-1.0	-1.0	1.0	2.0	1.0	1.0	0.0	-2.0	-4.0	-3.0	1.0	-2.0	-1.0	-6.0	-5.0	-1.0	0.0	0.0	0.0	-4.0	0.0	0.0	1.0	-2.0	-2.0	1.0	-1.0	-3.0	-5.0	-7.0	0.0	-1.0	-1.0	-2.0	-4.0	0.0	-2.0	-2.0	-1.0	-3.0	-1.0	0.0	0.0	3.0	0.0
DESP_2842_2854		2.0	4.0	10.0	19.0	40.0	0.0	1.0	5.0	12.0	21.0	1.0	2.0	4.0	15.0	34.0	0.0	1.0	4.0	9.0	18.0	6.0	13.0	34.0	69.0	139.0	9.0	18.0	48.0	96.0	192.0	7.0	13.0	32.0	62.0	126.0	4.0	9.0	23.0	46.0	91.0	8.0	18.0	44.0	89.0	169.0	3.0	6.0	18.0	36.0	64.0	2.0	6.0	18.0	37.0	77.0	3.0	5.0	9.0	22.0	45.0
NFKB1_330_342		9.0	18.0	43.0	90.0	180.0	4.0	11.0	24.0	55.0	114.0	3.0	13.0	32.0	72.0	137.0	3.0	7.0	18.0	35.0	69.0	26.0	54.0	140.0	265.0	542.0	28.0	58.0	143.0	292.0	589.0	26.0	50.0	126.0	259.0	517.0	18.0	36.0	93.0	192.0	378.0	27.0	54.0	134.0	271.0	543.0	14.0	32.0	77.0	157.0	304.0	16.0	33.0	83.0	169.0	341.0	10.0	19.0	50.0	105.0	208.0
F263_454_466		57.0	115.0	284.0	572.0	1136.0	42.0	80.0	199.0	393.0	787.0	31.0	58.0	146.0	295.0	589.0	17.0	34.0	88.0	174.0	359.0	182.0	352.0	890.0	1763.0	3420.0	186.0	362.0	908.0	1804.0	3498.0	175.0	347.0	849.0	1713.0	3344.0	159.0	317.0	783.0	1553.0	3034.0	161.0	321.0	800.0	1588.0	3097.0	112.0	216.0	552.0	1092.0	2156.0	112.0	227.0	554.0	1098.0	2202.0	72.0	144.0	359.0	723.0	1437.0
ANDR_785_797		4.0	4.0	15.0	29.0	58.0	3.0	4.0	9.0	19.0	39.0	0.0	2.0	14.0	23.0	48.0	1.0	2.0	6.0	13.0	23.0	8.0	13.0	33.0	67.0	128.0	9.0	15.0	37.0	74.0	151.0	5.0	8.0	29.0	60.0	126.0	4.0	9.0	22.0	46.0	99.0	4.0	11.0	31.0	61.0	135.0	4.0	7.0	19.0	40.0	78.0	5.0	10.0	18.0	44.0	88.0	2.0	5.0	12.0	27.0	53.0
CD27_212_224		0.0	2.0	4.0	9.0	18.0	2.0	-1.0	3.0	7.0	11.0	0.0	0.0	2.0	6.0	14.0	1.0	3.0	2.0	3.0	10.0	1.0	1.0	6.0	12.0	21.0	0.0	3.0	5.0	12.0	26.0	0.0	2.0	6.0	12.0	24.0	3.0	3.0	7.0	12.0	23.0	1.0	2.0	5.0	11.0	22.0	1.0	0.0	5.0	9.0	21.0	0.0	1.0	6.0	12.0	22.0	1.0	2.0	3.0	7.0	13.0
ERBB2_679_691		4.0	7.0	16.0	35.0	74.0	1.0	6.0	15.0	25.0	49.0	3.0	4.0	13.0	22.0	46.0	2.0	3.0	7.0	12.0	25.0	4.0	8.0	21.0	45.0	95.0	6.0	12.0	30.0	58.0	121.0	4.0	10.0	26.0	53.0	103.0	6.0	9.0	24.0	54.0	104.0	3.0	11.0	25.0	51.0	107.0	3.0	7.0	17.0	37.0	73.0	4.0	8.0	20.0	38.0	75.0	3.0	6.0	15.0	31.0	58.0
H32_3_18		0.0	1.0	5.0	14.0	26.0	2.0	3.0	4.0	8.0	20.0	2.0	2.0	5.0	8.0	21.0	1.0	1.0	3.0	6.0	12.0	0.0	3.0	8.0	16.0	33.0	4.0	3.0	10.0	18.0	38.0	1.0	2.0	8.0	16.0	32.0	3.0	2.0	8.0	14.0	37.0	3.0	4.0	9.0	18.0	33.0	0.0	3.0	5.0	13.0	24.0	1.0	2.0	6.0	13.0	25.0	2.0	2.0	6.0	11.0	21.0
KPCB_19_31_A25S		3.0	6.0	9.0	22.0	43.0	3.0	4.0	8.0	19.0	37.0	1.0	2.0	9.0	17.0	32.0	1.0	3.0	6.0	11.0	22.0	2.0	7.0	16.0	34.0	66.0	3.0	8.0	16.0	35.0	68.0	4.0	8.0	16.0	36.0	73.0	2.0	5.0	13.0	29.0	63.0	2.0	7.0	18.0	35.0	69.0	5.0	5.0	16.0	27.0	59.0	2.0	5.0	13.0	27.0	58.0	1.0	3.0	11.0	21.0	44.0
MPH6_140_152		1.0	0.0	1.0	0.0	3.0	1.0	0.0	1.0	0.0	1.0	0.0	-1.0	0.0	-2.0	1.0	1.0	2.0	2.0	1.0	3.0	0.0	1.0	0.0	1.0	2.0	0.0	-1.0	1.0	1.0	6.0	1.0	-1.0	0.0	0.0	2.0	0.0	0.0	1.0	1.0	1.0	0.0	2.0	1.0	1.0	2.0	2.0	1.0	1.0	3.0	3.0	0.0	0.0	0.0	1.0	0.0	0.0	0.0	1.0	2.0	2.0
P53_308_323		0.0	2.0	6.0	9.0	17.0	1.0	2.0	3.0	5.0	12.0	2.0	1.0	2.0	3.0	11.0	1.0	1.0	1.0	3.0	8.0	0.0	0.0	4.0	5.0	11.0	0.0	2.0	2.0	5.0	11.0	0.0	3.0	4.0	10.0	15.0	2.0	2.0	3.0	7.0	13.0	1.0	0.0	2.0	7.0	14.0	-1.0	1.0	3.0	7.0	12.0	0.0	2.0	4.0	7.0	13.0	1.0	2.0	3.0	5.0	13.0
RB_350_362		0.0	2.0	3.0	6.0	10.0	-1.0	1.0	0.0	3.0	6.0	0.0	1.0	4.0	5.0	4.0	1.0	0.0	1.0	3.0	7.0	0.0	0.0	0.0	0.0	0.0	1.0	0.0	0.0	5.0	16.0	1.0	3.0	5.0	9.0	17.0	0.0	0.0	1.0	8.0	13.0	-1.0	0.0	0.0	4.0	10.0	3.0	2.0	3.0	5.0	12.0	0.0	1.0	2.0	4.0	10.0	1.0	1.0	2.0	4.0	8.0
TOP2A_1463_1475		39.0	75.0	184.0	376.0	736.0	28.0	55.0	145.0	276.0	564.0	19.0	38.0	96.0	198.0	394.0	12.0	23.0	57.0	119.0	234.0	94.0	179.0	460.0	903.0	1790.0	89.0	170.0	431.0	835.0	1657.0	82.0	156.0	393.0	796.0	1569.0	70.0	135.0	341.0	689.0	1345.0	91.0	183.0	456.0	926.0	1795.0	63.0	126.0	318.0	621.0	1256.0	59.0	118.0	285.0	576.0	1148.0	44.0	84.0	214.0	433.0	850.0
E1A_ADE05_212_224		13.0	27.0	68.0	139.0	269.0	8.0	21.0	51.0	101.0	206.0	8.0	18.0	42.0	86.0	172.0	3.0	10.0	29.0	55.0	111.0	30.0	59.0	153.0	307.0	601.0	35.0	64.0	160.0	318.0	640.0	31.0	63.0	157.0	313.0	634.0	26.0	54.0	140.0	278.0	558.0	30.0	59.0	146.0	295.0	589.0	21.0	42.0	109.0	218.0	435.0	20.0	42.0	105.0	216.0	440.0	15.0	31.0	75.0	153.0	306.0
PLM_76_88		2.0	3.0	5.0	10.0	20.0	1.0	1.0	4.0	4.0	8.0	0.0	2.0	5.0	9.0	21.0	0.0	-2.0	-1.0	4.0	6.0	3.0	10.0	22.0	40.0	85.0	5.0	10.0	30.0	58.0	115.0	5.0	8.0	22.0	42.0	90.0	0.0	5.0	11.0	21.0	43.0	3.0	10.0	26.0	47.0	99.0	3.0	5.0	10.0	20.0	45.0	2.0	4.0	10.0	22.0	44.0	0.0	1.0	3.0	9.0	19.0
KAP3_107_119		33.0	67.0	176.0	346.0	709.0	27.0	51.0	135.0	264.0	543.0	17.0	34.0	90.0	183.0	360.0	12.0	22.0	59.0	116.0	227.0	95.0	182.0	476.0	928.0	1825.0	110.0	209.0	520.0	1035.0	2047.0	94.0	186.0	469.0	928.0	1839.0	84.0	168.0	420.0	836.0	1671.0	96.0	187.0	458.0	918.0	1813.0	66.0	133.0	329.0	671.0	1306.0	62.0	126.0	304.0	619.0	1251.0	42.0	83.0	204.0	411.0	835.0
ANXA1_209_221		2.0	-1.0	4.0	5.0	21.0	0.0	1.0	2.0	6.0	13.0	1.0	1.0	3.0	7.0	15.0	0.0	0.0	2.0	2.0	6.0	0.0	0.0	4.0	16.0	37.0	3.0	5.0	14.0	23.0	67.0	2.0	2.0	9.0	17.0	41.0	-1.0	3.0	8.0	16.0	33.0	1.0	3.0	9.0	18.0	55.0	1.0	4.0	3.0	14.0	25.0	1.0	0.0	6.0	12.0	30.0	-2.0	1.0	3.0	8.0	13.0
CDC2_154_169		1.0	0.0	2.0	2.0	5.0	2.0	1.0	-1.0	4.0	4.0	1.0	-1.0	3.0	1.0	7.0	-1.0	1.0	1.0	0.0	4.0	0.0	1.0	1.0	2.0	8.0	0.0	0.0	1.0	1.0	3.0	-1.0	0.0	2.0	2.0	10.0	0.0	0.0	3.0	4.0	4.0	3.0	2.0	6.0	8.0	15.0	1.0	1.0	1.0	3.0	7.0	1.0	0.0	0.0	6.0	7.0	0.0	2.0	1.0	3.0	9.0
ERF_519_531		-1.0	0.0	1.0	3.0	7.0	0.0	0.0	2.0	3.0	5.0	-1.0	0.0	1.0	5.0	8.0	0.0	1.0	0.0	1.0	5.0	0.0	1.0	2.0	2.0	7.0	0.0	2.0	2.0	5.0	8.0	1.0	1.0	2.0	7.0	12.0	-1.0	2.0	1.0	5.0	11.0	0.0	-1.0	2.0	3.0	10.0	2.0	0.0	5.0	4.0	7.0	0.0	0.0	1.0	3.0	6.0	1.0	1.0	2.0	4.0	9.0
IF4E_203_215		1.0	3.0	2.0	6.0	12.0	2.0	1.0	2.0	6.0	11.0	0.0	0.0	1.0	6.0	8.0	0.0	1.0	1.0	1.0	4.0	0.0	0.0	2.0	6.0	13.0	-1.0	1.0	4.0	8.0	17.0	1.0	1.0	4.0	8.0	16.0	1.0	1.0	5.0	9.0	16.0	1.0	0.0	6.0	6.0	15.0	1.0	2.0	3.0	5.0	12.0	2.0	1.0	4.0	7.0	14.0	0.0	2.0	3.0	5.0	11.0
KPCB_626_639		1.0	0.0	2.0	4.0	6.0	0.0	2.0	0.0	3.0	5.0	1.0	0.0	1.0	1.0	5.0	0.0	1.0	1.0	3.0	5.0	1.0	0.0	1.0	4.0	5.0	-1.0	3.0	2.0	5.0	10.0	1.0	1.0	0.0	5.0	8.0	-1.0	1.0	3.0	3.0	7.0	0.0	0.0	2.0	5.0	7.0	1.0	1.0	1.0	4.0	6.0	0.0	1.0	2.0	2.0	6.0	2.0	2.0	1.0	3.0	6.0
MPIP1_172_184		1.0	4.0	7.0	12.0	27.0	1.0	1.0	6.0	13.0	30.0	1.0	2.0	3.0	7.0	16.0	1.0	3.0	3.0	7.0	12.0	3.0	4.0	8.0	18.0	35.0	3.0	1.0	10.0	20.0	38.0	1.0	3.0	11.0	22.0	46.0	1.0	3.0	9.0	21.0	41.0	2.0	4.0	9.0	19.0	38.0	2.0	4.0	8.0	17.0	34.0	0.0	4.0	8.0	17.0	33.0	1.0	4.0	8.0	13.0	32.0
PDE5A_95_107		1.0	-1.0	1.0	4.0	5.0	2.0	1.0	1.0	2.0	6.0	0.0	1.0	0.0	1.0	4.0	0.0	0.0	0.0	1.0	2.0	0.0	-1.0	2.0	1.0	4.0	0.0	0.0	1.0	3.0	5.0	0.0	1.0	3.0	3.0	8.0	1.0	0.0	1.0	4.0	2.0	0.0	-1.0	0.0	2.0	4.0	1.0	-1.0	1.0	0.0	2.0	0.0	1.0	0.0	3.0	4.0	0.0	0.0	1.0	2.0	4.0
RB_774_786		1.0	-1.0	0.0	2.0	3.0	0.0	1.0	2.0	6.0	7.0	0.0	0.0	3.0	2.0	3.0	0.0	-1.0	0.0	1.0	6.0	0.0	-1.0	0.0	-2.0	-3.0	1.0	0.0	1.0	1.0	0.0	0.0	1.0	-1.0	1.0	1.0	1.0	0.0	1.0	2.0	6.0	0.0	-1.0	1.0	0.0	2.0	3.0	1.0	3.0	3.0	4.0	1.0	-1.0	1.0	2.0	6.0	0.0	1.0	2.0	1.0	6.0
VASP_150_162		14.0	26.0	69.0	138.0	275.0	9.0	14.0	33.0	63.0	131.0	8.0	18.0	47.0	91.0	191.0	2.0	7.0	18.0	35.0	72.0	44.0	87.0	220.0	438.0	879.0	46.0	96.0	235.0	460.0	922.0	41.0	79.0	203.0	416.0	817.0	29.0	61.0	155.0	313.0	612.0	43.0	89.0	222.0	441.0	884.0	22.0	44.0	108.0	222.0	432.0	23.0	45.0	113.0	229.0	457.0	10.0	18.0	54.0	113.0	227.0
EPB42_241_253		5.0	20.0	39.0	80.0	164.0	3.0	6.0	19.0	36.0	73.0	5.0	12.0	23.0	45.0	90.0	2.0	4.0	8.0	20.0	37.0	31.0	57.0	151.0	303.0	599.0	35.0	73.0	182.0	360.0	713.0	28.0	59.0	150.0	304.0	598.0	21.0	40.0	105.0	212.0	426.0	32.0	59.0	150.0	302.0	599.0	17.0	31.0	80.0	160.0	319.0	16.0	32.0	81.0	158.0	314.0	7.0	15.0	38.0	82.0	158.0
PTN12_32_44		19.0	41.0	104.0	206.0	407.0	11.0	21.0	54.0	112.0	224.0	12.0	19.0	51.0	103.0	211.0	4.0	11.0	26.0	51.0	100.0	55.0	102.0	267.0	524.0	1038.0	52.0	110.0	273.0	539.0	1067.0	50.0	98.0	259.0	517.0	1015.0	45.0	89.0	228.0	450.0	904.0	53.0	111.0	263.0	524.0	1039.0	33.0	69.0	163.0	327.0	647.0	31.0	63.0	160.0	312.0	628.0	21.0	42.0	103.0	212.0	424.0
KCNA6_504_516		52.0	101.0	259.0	516.0	1017.0	41.0	81.0	204.0	405.0	799.0	26.0	52.0	131.0	259.0	518.0	16.0	32.0	82.0	163.0	327.0	156.0	302.0	757.0	1463.0	2870.0	145.0	284.0	707.0	1399.0	2753.0	148.0	285.0	713.0	1428.0	2781.0	131.0	261.0	653.0	1300.0	2592.0	145.0	286.0	702.0	1378.0	2727.0	86.0	173.0	433.0	852.0	1721.0	90.0	175.0	444.0	879.0	1746.0	61.0	123.0	306.0	627.0	1228.0
pVASP_150_164		135.0	270.0	667.0	1329.0	2623.0	161.0	312.0	789.0	1559.0	3056.0	66.0	136.0	344.0	670.0	1343.0	59.0	122.0	301.0	613.0	1186.0	300.0	567.0	1469.0	2849.0	3455.0	283.0	555.0	1390.0	2721.0	3578.0	295.0	578.0	1421.0	2803.0	3624.0	268.0	536.0	1319.0	2599.0	3642.0	318.0	642.0	1581.0	3110.0	3425.0	271.0	528.0	1315.0	2571.0	3561.0	230.0	459.0	1133.0	2258.0	3638.0	206.0	397.0	989.0	1984.0	3707.0
CDK7_163_175		2.0	2.0	8.0	14.0	32.0	2.0	2.0	9.0	21.0	38.0	1.0	1.0	1.0	5.0	14.0	1.0	2.0	3.0	4.0	12.0	4.0	7.0	14.0	34.0	71.0	3.0	7.0	16.0	39.0	77.0	5.0	7.0	18.0	36.0	79.0	0.0	7.0	15.0	29.0	62.0	2.0	5.0	14.0	31.0	67.0	3.0	4.0	18.0	33.0	69.0	0.0	6.0	16.0	25.0	60.0	2.0	6.0	13.0	30.0	63.0
ESR1_160_172		11.0	22.0	57.0	116.0	224.0	6.0	13.0	31.0	68.0	140.0	8.0	15.0	34.0	75.0	150.0	5.0	7.0	19.0	40.0	77.0	14.0	31.0	83.0	165.0	317.0	19.0	40.0	105.0	205.0	409.0	16.0	32.0	78.0	160.0	317.0	11.0	24.0	62.0	120.0	246.0	16.0	38.0	91.0	187.0	371.0	12.0	26.0	68.0	136.0	268.0	13.0	24.0	65.0	132.0	264.0	8.0	19.0	49.0	104.0	201.0
IKBA_26_38		-1.0	1.0	5.0	9.0	15.0	-1.0	0.0	0.0	3.0	3.0	0.0	-1.0	1.0	2.0	4.0	0.0	0.0	0.0	3.0	2.0	0.0	0.0	-1.0	3.0	4.0	-1.0	1.0	-1.0	-1.0	1.0	-1.0	1.0	1.0	0.0	5.0	0.0	1.0	-1.0	3.0	1.0	0.0	-2.0	0.0	0.0	1.0	0.0	-1.0	-1.0	0.0	3.0	-1.0	0.0	1.0	1.0	2.0	0.0	0.0	1.0	0.0	2.0
KS6A1_374_386		0.0	0.0	1.0	6.0	11.0	0.0	2.0	1.0	5.0	9.0	1.0	2.0	3.0	3.0	10.0	0.0	0.0	3.0	3.0	8.0	1.0	1.0	4.0	8.0	16.0	1.0	1.0	6.0	8.0	19.0	2.0	2.0	6.0	10.0	21.0	1.0	1.0	6.0	10.0	16.0	2.0	-1.0	6.0	10.0	21.0	0.0	2.0	4.0	8.0	18.0	3.0	3.0	6.0	6.0	17.0	0.0	2.0	3.0	8.0	16.0
MPIP3_208_220		1.0	3.0	3.0	10.0	20.0	-1.0	2.0	1.0	9.0	16.0	0.0	2.0	3.0	6.0	16.0	1.0	1.0	2.0	5.0	9.0	1.0	1.0	4.0	9.0	19.0	0.0	3.0	7.0	12.0	27.0	2.0	3.0	6.0	12.0	26.0	0.0	2.0	7.0	10.0	24.0	2.0	1.0	5.0	13.0	25.0	1.0	2.0	6.0	10.0	22.0	1.0	2.0	5.0	11.0	21.0	0.0	2.0	5.0	10.0	19.0
PDPK1_27_39		1.0	1.0	1.0	2.0	2.0	1.0	1.0	0.0	1.0	3.0	0.0	0.0	1.0	-1.0	1.0	2.0	1.0	1.0	2.0	0.0	-1.0	-1.0	1.0	0.0	1.0	-1.0	0.0	-2.0	-2.0	-3.0	-1.0	-1.0	1.0	0.0	-1.0	0.0	0.0	-1.0	1.0	1.0	2.0	0.0	4.0	4.0	7.0	0.0	1.0	0.0	-1.0	2.0	1.0	0.0	1.0	1.0	0.0	-1.0	1.0	1.0	0.0	1.0
RB_803_815		1.0	0.0	5.0	6.0	14.0	1.0	1.0	3.0	6.0	12.0	2.0	1.0	2.0	6.0	11.0	1.0	1.0	2.0	4.0	8.0	2.0	1.0	5.0	13.0	22.0	0.0	1.0	3.0	9.0	18.0	2.0	3.0	6.0	13.0	29.0	-1.0	3.0	8.0	11.0	22.0	1.0	2.0	5.0	9.0	23.0	2.0	1.0	6.0	9.0	20.0	0.0	2.0	5.0	7.0	19.0	2.0	3.0	4.0	8.0	15.0
VASP_232_244		0.0	2.0	1.0	3.0	5.0	1.0	-1.0	0.0	3.0	4.0	0.0	0.0	0.0	3.0	5.0	0.0	1.0	1.0	3.0	4.0	0.0	-2.0	-1.0	-1.0	-2.0	0.0	0.0	1.0	2.0	3.0	1.0	0.0	1.0	0.0	4.0	0.0	0.0	-1.0	4.0	7.0	-1.0	0.0	-2.0	-4.0	-12.0	-1.0	1.0	0.0	-1.0	2.0	1.0	-1.0	2.0	0.0	3.0	0.0	0.0	1.0	3.0	4.0
GBRB2_427_439		36.0	72.0	176.0	353.0	698.0	22.0	44.0	107.0	217.0	432.0	14.0	32.0	83.0	170.0	335.0	10.0	17.0	45.0	92.0	184.0	98.0	192.0	484.0	967.0	1881.0	96.0	195.0	471.0	953.0	1892.0	97.0	193.0	483.0	961.0	1913.0	88.0	173.0	444.0	870.0	1745.0	94.0	190.0	461.0	934.0	1806.0	61.0	124.0	306.0	606.0	1211.0	60.0	118.0	293.0	586.0	1162.0	41.0	79.0	201.0	387.0	788.0
PYGL_8_20		0.0	0.0	1.0	0.0	-1.0	2.0	-1.0	2.0	3.0	8.0	0.0	2.0	1.0	1.0	5.0	-1.0	0.0	0.0	1.0	4.0	2.0	0.0	1.0	1.0	-1.0	1.0	-2.0	-1.0	-3.0	-4.0	0.0	0.0	-1.0	1.0	1.0	-1.0	1.0	3.0	0.0	3.0	0.0	-1.0	0.0	-2.0	-8.0	1.0	1.0	0.0	2.0	5.0	1.0	1.0	2.0	1.0	5.0	0.0	0.0	2.0	4.0	5.0
TY3H_65_77		34.0	67.0	168.0	326.0	655.0	19.0	40.0	102.0	195.0	397.0	17.0	36.0	92.0	185.0	370.0	9.0	18.0	46.0	95.0	194.0	96.0	186.0	462.0	935.0	1831.0	102.0	206.0	510.0	1010.0	2016.0	91.0	181.0	453.0	890.0	1760.0	78.0	165.0	410.0	808.0	1624.0	98.0	197.0	479.0	947.0	1868.0	23.0	38.0	95.0	194.0	391.0	59.0	120.0	291.0	581.0	1155.0	35.0	71.0	178.0	356.0	718.0